    711    12   257     datakind beginning-row linenumbers
 ----------------------------------------------------------------
                     David A. Shirley's group
               Pennsylvania State University (PSU)
           Lawrence Berkeley National Laboratory (LBNL)
      Copyright (c) 1995-1996 DAS group. All rights reserved
 ----------------------------------------------------------------

         1              1 phase shift data

         k   p(l=0)   p(l=1)   p(l=2)   p(l=3)   p(l=4)   p(l=5)   p(l=6)   p(l=7)  p(l=08)
         9              lnum
    5.0000   0.9957  -1.0914   2.6870   0.1491   0.0074   0.0004   0.0000   0.0000   0.0000
    5.0500   0.9812  -1.1027   2.6829   0.1596   0.0080   0.0004   0.0000   0.0000   0.0000
    5.1000   0.9669  -1.1138   2.6789   0.1706   0.0087   0.0005   0.0000   0.0000   0.0000
    5.1500   0.9527  -1.1248   2.6751   0.1822   0.0094   0.0005   0.0000   0.0000   0.0000
    5.2000   0.9387  -1.1356   2.6714   0.1946   0.0101   0.0005   0.0000   0.0000   0.0000
    5.2500   0.9248  -1.1463   2.6680   0.2076   0.0109   0.0006   0.0000   0.0000   0.0000
    5.3000   0.9111  -1.1569   2.6647   0.2213   0.0118   0.0007   0.0000   0.0000   0.0000
    5.3500   0.8976  -1.1672   2.6615   0.2357   0.0127   0.0007   0.0000   0.0000   0.0000
    5.4000   0.8842  -1.1775   2.6586   0.2509   0.0137   0.0008   0.0000   0.0000   0.0000
    5.4500   0.8709  -1.1876   2.6558   0.2669   0.0147   0.0009   0.0000   0.0000   0.0000
    5.5000   0.8578  -1.1975   2.6533   0.2836   0.0158   0.0010   0.0000   0.0000   0.0000
    5.5500   0.8449  -1.2073   2.6509   0.3012   0.0170   0.0010   0.0001   0.0000   0.0000
    5.6000   0.8320  -1.2170   2.6487   0.3196   0.0183   0.0011   0.0001   0.0000   0.0000
    5.6500   0.8194  -1.2265   2.6467   0.3388   0.0196   0.0012   0.0001   0.0000   0.0000
    5.7000   0.8068  -1.2358   2.6450   0.3588   0.0210   0.0014   0.0001   0.0000   0.0000
    5.7500   0.7944  -1.2450   2.6434   0.3796   0.0225   0.0015   0.0001   0.0000   0.0000
    5.8000   0.7822  -1.2541   2.6420   0.4013   0.0241   0.0016   0.0001   0.0000   0.0000
    5.8500   0.7700  -1.2630   2.6409   0.4237   0.0257   0.0017   0.0001   0.0000   0.0000
    5.9000   0.7581  -1.2718   2.6400   0.4469   0.0275   0.0019   0.0001   0.0000   0.0000
    5.9500   0.7462  -1.2804   2.6392   0.4708   0.0294   0.0021   0.0001   0.0000   0.0000
    6.0000   0.7344  -1.2889   2.6387   0.4954   0.0314   0.0022   0.0001   0.0000   0.0000
    6.0500   0.7228  -1.2972   2.6384   0.5207   0.0334   0.0024   0.0001   0.0000   0.0000
    6.1000   0.7113  -1.3054   2.6384   0.5465   0.0356   0.0026   0.0002   0.0000   0.0000
    6.1500   0.7000  -1.3135   2.6385   0.5729   0.0379   0.0028   0.0002   0.0000   0.0000
    6.2000   0.6887  -1.3214   2.6389   0.5997   0.0404   0.0030   0.0002   0.0000   0.0000
    6.2500   0.6776  -1.3292   2.6395   0.6269   0.0430   0.0033   0.0002   0.0000   0.0000
    6.3000   0.6665  -1.3369   2.6402   0.6543   0.0457   0.0036   0.0002   0.0000   0.0000
    6.3500   0.6556  -1.3445   2.6412   0.6820   0.0485   0.0038   0.0002   0.0000   0.0000
    6.4000   0.6448  -1.3519   2.6424   0.7097   0.0515   0.0041   0.0003   0.0000   0.0000
    6.4500   0.6340  -1.3592   2.6438   0.7375   0.0546   0.0044   0.0003   0.0000   0.0000
    6.5000   0.6234  -1.3664   2.6454   0.7651   0.0579   0.0048   0.0003   0.0000   0.0000
    6.5500   0.6129  -1.3734   2.6472   0.7926   0.0614   0.0051   0.0004   0.0000   0.0000
    6.6000   0.6024  -1.3804   2.6491   0.8198   0.0650   0.0055   0.0004   0.0000   0.0000
    6.6500   0.5921  -1.3873   2.6513   0.8466   0.0688   0.0059   0.0004   0.0000   0.0000
    6.7000   0.5818  -1.3940   2.6536   0.8730   0.0728   0.0063   0.0005   0.0000   0.0000
    6.7500   0.5716  -1.4007   2.6561   0.8988   0.0770   0.0068   0.0005   0.0000   0.0000
    6.8000   0.5615  -1.4073   2.6587   0.9241   0.0813   0.0073   0.0005   0.0000   0.0000
    6.8500   0.5514  -1.4137   2.6615   0.9487   0.0859   0.0078   0.0006   0.0000   0.0000
    6.9000   0.5415  -1.4201   2.6644   0.9726   0.0906   0.0083   0.0006   0.0000   0.0000
    6.9500   0.5316  -1.4264   2.6675   0.9957   0.0956   0.0089   0.0007   0.0000   0.0000
    7.0000   0.5217  -1.4327   2.6706   1.0181   0.1008   0.0095   0.0008   0.0000   0.0000
    7.0500   0.5119  -1.4388   2.6739   1.0396   0.1062   0.0102   0.0008   0.0001   0.0000
    7.1000   0.5022  -1.4449   2.6773   1.0603   0.1118   0.0108   0.0009   0.0001   0.0000
    7.1500   0.4925  -1.4510   2.6807   1.0802   0.1177   0.0116   0.0010   0.0001   0.0000
    7.2000   0.4829  -1.4569   2.6842   1.0992   0.1238   0.0123   0.0010   0.0001   0.0000
    7.2500   0.4733  -1.4629   2.6878   1.1173   0.1301   0.0131   0.0011   0.0001   0.0000
    7.3000   0.4637  -1.4688   2.6914   1.1346   0.1367   0.0139   0.0012   0.0001   0.0000
    7.3500   0.4542  -1.4746   2.6951   1.1511   0.1435   0.0148   0.0013   0.0001   0.0000
    7.4000   0.4447  -1.4804   2.6987   1.1667   0.1506   0.0158   0.0014   0.0001   0.0000
    7.4500   0.4352  -1.4862   2.7024   1.1815   0.1579   0.0168   0.0015   0.0001   0.0000
    7.5000   0.4258  -1.4919   2.7061   1.1956   0.1656   0.0178   0.0016   0.0001   0.0000
    7.5500   0.4164  -1.4977   2.7097   1.2088   0.1734   0.0189   0.0018   0.0001   0.0000
    7.6000   0.4070  -1.5034   2.7134   1.2213   0.1816   0.0200   0.0019   0.0001   0.0000
    7.6500   0.3976  -1.5091   2.7169   1.2331   0.1900   0.0212   0.0020   0.0002   0.0000
    7.7000   0.3883  -1.5148   2.7205   1.2442   0.1987   0.0225   0.0022   0.0002   0.0000
    7.7500   0.3789  -1.5205   2.7239   1.2546   0.2076   0.0238   0.0023   0.0002   0.0000
    7.8000   0.3696  -1.5262   2.7273   1.2644   0.2168   0.0252   0.0025   0.0002   0.0000
    7.8500   0.3602  -1.5319   2.7306   1.2736   0.2263   0.0266   0.0027   0.0002   0.0000
    7.9000   0.3509  -1.5376   2.7338   1.2821   0.2361   0.0282   0.0029   0.0002   0.0000
    7.9500   0.3415  -1.5433   2.7369   1.2901   0.2461   0.0297   0.0031   0.0003   0.0000
    8.0000   0.3322  -1.5491   2.7398   1.2976   0.2564   0.0314   0.0033   0.0003   0.0000
    8.0500   0.3228  -1.5548   2.7427   1.3046   0.2669   0.0332   0.0035   0.0003   0.0000
    8.1000   0.3135  -1.5606   2.7454   1.3111   0.2777   0.0350   0.0038   0.0003   0.0000
    8.1500   0.3041  -1.5664   2.7479   1.3171   0.2888   0.0369   0.0040   0.0003   0.0000
    8.2000   0.2947  -1.5723   2.7504   1.3227   0.3000   0.0389   0.0043   0.0004   0.0000
    8.2500   0.2853  -1.5782   2.7526   1.3278   0.3115   0.0409   0.0046   0.0004   0.0000
    8.3000   0.2759  -1.5842   2.7547   1.3326   0.3233   0.0431   0.0049   0.0004   0.0000
    8.3500   0.2665  -1.5901   2.7566   1.3370   0.3352   0.0453   0.0052   0.0005   0.0000
    8.4000   0.2570  -1.5962   2.7584   1.3411   0.3473   0.0477   0.0055   0.0005   0.0000
    8.4500   0.2475  -1.6022   2.7599   1.3448   0.3596   0.0501   0.0059   0.0006   0.0000
    8.5000   0.2380  -1.6084   2.7613   1.3483   0.3721   0.0527   0.0062   0.0006   0.0000
    8.5500   0.2285  -1.6146   2.7625   1.3514   0.3847   0.0553   0.0066   0.0006   0.0000
    8.6000   0.2189  -1.6208   2.7635   1.3543   0.3974   0.0581   0.0071   0.0007   0.0001
    8.6500   0.2093  -1.6271   2.7644   1.3569   0.4103   0.0610   0.0075   0.0007   0.0001
    8.7000   0.1997  -1.6335   2.7650   1.3593   0.4233   0.0639   0.0080   0.0008   0.0001
    8.7500   0.1901  -1.6399   2.7655   1.3615   0.4363   0.0670   0.0084   0.0009   0.0001
    8.8000   0.1804  -1.6463   2.7658   1.3635   0.4494   0.0702   0.0089   0.0009   0.0001
    8.8500   0.1707  -1.6529   2.7659   1.3653   0.4626   0.0735   0.0095   0.0010   0.0001
    8.9000   0.1610  -1.6595   2.7658   1.3669   0.4758   0.0770   0.0100   0.0011   0.0001
    8.9500   0.1512  -1.6662   2.7655   1.3684   0.4889   0.0805   0.0106   0.0011   0.0001
    9.0000   0.1414  -1.6729   2.7650   1.3697   0.5021   0.0842   0.0113   0.0012   0.0001
    9.0500   0.1316  -1.6797   2.7644   1.3709   0.5152   0.0881   0.0119   0.0013   0.0001
    9.1000   0.1217  -1.6865   2.7635   1.3720   0.5283   0.0920   0.0126   0.0014   0.0001
    9.1500   0.1118  -1.6935   2.7625   1.3730   0.5413   0.0961   0.0133   0.0015   0.0001
    9.2000   0.1019  -1.7005   2.7613   1.3739   0.5542   0.1003   0.0141   0.0016   0.0001
    9.2500   0.0920  -1.7075   2.7600   1.3747   0.5670   0.1047   0.0148   0.0017   0.0002
    9.3000   0.0820  -1.7146   2.7585   1.3754   0.5796   0.1092   0.0157   0.0018   0.0002
    9.3500   0.0720  -1.7218   2.7568   1.3761   0.5921   0.1138   0.0165   0.0019   0.0002
    9.4000   0.0619  -1.7291   2.7550   1.3768   0.6044   0.1186   0.0174   0.0021   0.0002
    9.4500   0.0518  -1.7364   2.7530   1.3773   0.6166   0.1235   0.0183   0.0022   0.0002
    9.5000   0.0417  -1.7437   2.7509   1.3779   0.6285   0.1285   0.0193   0.0024   0.0002
    9.5500   0.0316  -1.7512   2.7486   1.3785   0.6403   0.1337   0.0203   0.0025   0.0002
    9.6000   0.0214  -1.7587   2.7462   1.3790   0.6518   0.1391   0.0214   0.0027   0.0003
    9.6500   0.0112  -1.7662   2.7436   1.3795   0.6630   0.1446   0.0225   0.0028   0.0003
    9.7000   0.0010  -1.7738   2.7409   1.3801   0.6741   0.1502   0.0237   0.0030   0.0003
    9.7500  -0.0093  -1.7815   2.7381   1.3806   0.6848   0.1560   0.0249   0.0032   0.0003
    9.8000  -0.0195  -1.7892   2.7352   1.3812   0.6953   0.1619   0.0261   0.0034   0.0004
    9.8500  -0.0298  -1.7970   2.7322   1.3818   0.7056   0.1680   0.0275   0.0036   0.0004
    9.9000  -0.0401  -1.8048   2.7290   1.3824   0.7155   0.1742   0.0288   0.0038   0.0004
    9.9500  -0.0505  -1.8127   2.7257   1.3831   0.7252   0.1805   0.0302   0.0041   0.0004
   10.0000  -0.0608  -1.8206   2.7224   1.3838   0.7346   0.1870   0.0317   0.0043   0.0005
   10.0500  -0.0712  -1.8286   2.7189   1.3846   0.7437   0.1936   0.0332   0.0046   0.0005
   10.1000  -0.0816  -1.8366   2.7154   1.3854   0.7524   0.2004   0.0348   0.0049   0.0005
   10.1500  -0.0920  -1.8446   2.7118   1.3863   0.7609   0.2073   0.0365   0.0051   0.0006
   10.2000  -0.1025  -1.8527   2.7081   1.3873   0.7691   0.2143   0.0382   0.0054   0.0006
   10.2500  -0.1129  -1.8608   2.7043   1.3884   0.7771   0.2215   0.0400   0.0058   0.0007
   10.3000  -0.1234  -1.8690   2.7004   1.3895   0.7847   0.2287   0.0418   0.0061   0.0007
   10.3500  -0.1338  -1.8772   2.6965   1.3907   0.7920   0.2361   0.0438   0.0064   0.0008
   10.4000  -0.1443  -1.8854   2.6925   1.3920   0.7990   0.2436   0.0457   0.0068   0.0008
   10.4500  -0.1548  -1.8937   2.6885   1.3934   0.8058   0.2512   0.0478   0.0072   0.0009
   10.5000  -0.1653  -1.9020   2.6844   1.3949   0.8123   0.2589   0.0499   0.0076   0.0009
   10.5500  -0.1758  -1.9103   2.6803   1.3965   0.8185   0.2667   0.0521   0.0080   0.0010
   10.6000  -0.1863  -1.9186   2.6762   1.3982   0.8244   0.2746   0.0544   0.0084   0.0010
   10.6500  -0.1968  -1.9269   2.6720   1.3999   0.8300   0.2824   0.0567   0.0089   0.0011
   10.7000  -0.2073  -1.9353   2.6678   1.4018   0.8354   0.2904   0.0591   0.0094   0.0012
   10.7500  -0.2178  -1.9437   2.6635   1.4038   0.8405   0.2985   0.0616   0.0099   0.0013
   10.8000  -0.2283  -1.9521   2.6593   1.4059   0.8454   0.3067   0.0642   0.0104   0.0013
   10.8500  -0.2388  -1.9605   2.6550   1.4081   0.8501   0.3149   0.0669   0.0109   0.0014
   10.9000  -0.2493  -1.9689   2.6507   1.4104   0.8545   0.3232   0.0696   0.0115   0.0015
   10.9500  -0.2597  -1.9773   2.6464   1.4129   0.8587   0.3315   0.0725   0.0121   0.0016
   11.0000  -0.2702  -1.9857   2.6422   1.4154   0.8627   0.3398   0.0754   0.0127   0.0017
   11.0500  -0.2806  -1.9941   2.6379   1.4180   0.8664   0.3482   0.0784   0.0134   0.0018
   11.1000  -0.2911  -2.0026   2.6336   1.4207   0.8700   0.3565   0.0815   0.0141   0.0019
   11.1500  -0.3015  -2.0110   2.6293   1.4236   0.8733   0.3649   0.0847   0.0148   0.0021
   11.2000  -0.3119  -2.0194   2.6251   1.4265   0.8765   0.3733   0.0879   0.0155   0.0022
   11.2500  -0.3223  -2.0278   2.6209   1.4295   0.8795   0.3816   0.0913   0.0163   0.0023
   11.3000  -0.3327  -2.0362   2.6166   1.4327   0.8823   0.3899   0.0948   0.0171   0.0025
   11.3500  -0.3430  -2.0445   2.6125   1.4359   0.8849   0.3982   0.0983   0.0179   0.0026
   11.4000  -0.3533  -2.0529   2.6083   1.4392   0.8874   0.4065   0.1019   0.0188   0.0028
   11.4500  -0.3636  -2.0612   2.6042   1.4425   0.8897   0.4147   0.1057   0.0196   0.0029
   11.5000  -0.3739  -2.0695   2.6002   1.4460   0.8919   0.4228   0.1095   0.0206   0.0031
   11.5500  -0.3842  -2.0778   2.5961   1.4495   0.8939   0.4309   0.1134   0.0215   0.0033
   11.6000  -0.3944  -2.0861   2.5921   1.4531   0.8958   0.4389   0.1174   0.0226   0.0034
   11.6500  -0.4046  -2.0943   2.5882   1.4568   0.8976   0.4468   0.1215   0.0236   0.0036
   11.7000  -0.4147  -2.1025   2.5843   1.4605   0.8992   0.4547   0.1257   0.0247   0.0038
   11.7500  -0.4248  -2.1107   2.5805   1.4643   0.9008   0.4624   0.1300   0.0258   0.0041
   11.8000  -0.4349  -2.1189   2.5767   1.4681   0.9022   0.4701   0.1344   0.0270   0.0043
   11.8500  -0.4449  -2.1270   2.5730   1.4719   0.9036   0.4776   0.1388   0.0282   0.0045
   11.9000  -0.4549  -2.1350   2.5694   1.4758   0.9048   0.4850   0.1434   0.0294   0.0048
   11.9500  -0.4649  -2.1431   2.5658   1.4797   0.9060   0.4923   0.1480   0.0307   0.0050
   12.0000  -0.4748  -2.1510   2.5623   1.4836   0.9071   0.4994   0.1528   0.0320   0.0053
   12.0500  -0.4847  -2.1590   2.5589   1.4875   0.9081   0.5065   0.1576   0.0334   0.0056
   12.1000  -0.4945  -2.1669   2.5555   1.4914   0.9091   0.5134   0.1625   0.0349   0.0059
   12.1500  -0.5042  -2.1747   2.5522   1.4954   0.9100   0.5201   0.1675   0.0363   0.0062
   12.2000  -0.5140  -2.1825   2.5490   1.4993   0.9109   0.5267   0.1725   0.0379   0.0065
   12.2500  -0.5236  -2.1902   2.5459   1.5032   0.9117   0.5331   0.1777   0.0394   0.0069
   12.3000  -0.5333  -2.1979   2.5428   1.5071   0.9125   0.5394   0.1829   0.0411   0.0072
   12.3500  -0.5428  -2.2056   2.5399   1.5109   0.9133   0.5456   0.1882   0.0428   0.0076
   12.4000  -0.5523  -2.2131   2.5370   1.5147   0.9140   0.5516   0.1936   0.0445   0.0080
   12.4500  -0.5618  -2.2206   2.5342   1.5185   0.9147   0.5574   0.1990   0.0463   0.0084
   12.5000  -0.5712  -2.2281   2.5314   1.5222   0.9154   0.5631   0.2045   0.0481   0.0088
   12.5500  -0.5805  -2.2355   2.5288   1.5258   0.9161   0.5686   0.2100   0.0500   0.0092
   12.6000  -0.5898  -2.2428   2.5262   1.5294   0.9167   0.5739   0.2156   0.0520   0.0097
   12.6500  -0.5990  -2.2501   2.5238   1.5329   0.9174   0.5791   0.2213   0.0540   0.0101
   12.7000  -0.6082  -2.2573   2.5214   1.5364   0.9181   0.5841   0.2270   0.0561   0.0106
   12.7500  -0.6173  -2.2644   2.5191   1.5398   0.9188   0.5889   0.2328   0.0582   0.0112
   12.8000  -0.6263  -2.2714   2.5169   1.5430   0.9195   0.5936   0.2386   0.0604   0.0117
   12.8500  -0.6353  -2.2784   2.5147   1.5462   0.9202   0.5981   0.2444   0.0627   0.0122
   12.9000  -0.6442  -2.2853   2.5127   1.5493   0.9210   0.6025   0.2503   0.0650   0.0128
   12.9500  -0.6530  -2.2922   2.5107   1.5523   0.9218   0.6067   0.2562   0.0674   0.0134
   13.0000  -0.6618  -2.2990   2.5088   1.5552   0.9226   0.6107   0.2622   0.0698   0.0140
   13.0500  -0.6705  -2.3057   2.5070   1.5580   0.9234   0.6146   0.2681   0.0723   0.0147
   13.1000  -0.6791  -2.3123   2.5053   1.5607   0.9243   0.6183   0.2741   0.0749   0.0154
   13.1500  -0.6876  -2.3188   2.5036   1.5633   0.9253   0.6219   0.2801   0.0775   0.0160
   13.2000  -0.6961  -2.3253   2.5021   1.5658   0.9262   0.6253   0.2860   0.0802   0.0168
   13.2500  -0.7046  -2.3317   2.5006   1.5681   0.9273   0.6286   0.2920   0.0830   0.0175
   13.3000  -0.7129  -2.3380   2.4991   1.5704   0.9284   0.6317   0.2980   0.0858   0.0183
   13.3500  -0.7212  -2.3442   2.4978   1.5725   0.9295   0.6347   0.3040   0.0887   0.0191
   13.4000  -0.7294  -2.3504   2.4965   1.5745   0.9307   0.6375   0.3099   0.0917   0.0199
   13.4500  -0.7375  -2.3565   2.4952   1.5764   0.9320   0.6403   0.3159   0.0947   0.0208
   13.5000  -0.7456  -2.3625   2.4940   1.5782   0.9333   0.6428   0.3218   0.0978   0.0217
   13.5500  -0.7535  -2.3684   2.4929   1.5798   0.9347   0.6453   0.3277   0.1009   0.0226
   13.6000  -0.7615  -2.3743   2.4919   1.5814   0.9361   0.6476   0.3335   0.1042   0.0236
   13.6500  -0.7693  -2.3801   2.4908   1.5828   0.9376   0.6499   0.3393   0.1074   0.0245
   13.7000  -0.7771  -2.3858   2.4899   1.5841   0.9392   0.6520   0.3451   0.1108   0.0256
   13.7500  -0.7848  -2.3914   2.4890   1.5853   0.9409   0.6539   0.3508   0.1142   0.0266
   13.8000  -0.7924  -2.3970   2.4881   1.5864   0.9426   0.6558   0.3565   0.1177   0.0277
   13.8500  -0.7999  -2.4025   2.4872   1.5873   0.9444   0.6576   0.3621   0.1212   0.0288
   13.9000  -0.8074  -2.4079   2.4864   1.5882   0.9463   0.6593   0.3676   0.1248   0.0300
   13.9500  -0.8148  -2.4132   2.4856   1.5889   0.9483   0.6609   0.3731   0.1285   0.0312
   14.0000  -0.8222  -2.4185   2.4849   1.5896   0.9503   0.6623   0.3785   0.1322   0.0324
   14.0500  -0.8294  -2.4237   2.4841   1.5901   0.9524   0.6637   0.3839   0.1360   0.0337
   14.1000  -0.8366  -2.4288   2.4834   1.5905   0.9546   0.6651   0.3891   0.1398   0.0350
   14.1500  -0.8438  -2.4339   2.4827   1.5909   0.9568   0.6663   0.3943   0.1437   0.0364
   14.2000  -0.8508  -2.4389   2.4820   1.5911   0.9591   0.6675   0.3994   0.1476   0.0377
   14.2500  -0.8578  -2.4438   2.4813   1.5912   0.9615   0.6685   0.4044   0.1516   0.0392
   14.3000  -0.8648  -2.4487   2.4806   1.5913   0.9639   0.6696   0.4093   0.1557   0.0406
   14.3500  -0.8716  -2.4535   2.4799   1.5913   0.9664   0.6705   0.4141   0.1598   0.0422
   14.4000  -0.8784  -2.4583   2.4793   1.5912   0.9690   0.6714   0.4189   0.1639   0.0437
   14.4500  -0.8852  -2.4630   2.4786   1.5910   0.9717   0.6723   0.4235   0.1681   0.0453
   14.5000  -0.8919  -2.4676   2.4778   1.5907   0.9743   0.6731   0.4280   0.1723   0.0470
   14.5500  -0.8985  -2.4722   2.4771   1.5904   0.9771   0.6739   0.4325   0.1766   0.0487
   14.6000  -0.9051  -2.4768   2.4764   1.5900   0.9799   0.6746   0.4368   0.1809   0.0504
   14.6500  -0.9116  -2.4813   2.4756   1.5895   0.9827   0.6752   0.4410   0.1853   0.0522
   14.7000  -0.9180  -2.4857   2.4748   1.5889   0.9856   0.6759   0.4452   0.1897   0.0540
   14.7500  -0.9245  -2.4901   2.4739   1.5884   0.9886   0.6765   0.4492   0.1941   0.0559
   14.8000  -0.9308  -2.4945   2.4731   1.5877   0.9916   0.6771   0.4531   0.1985   0.0578
   14.8500  -0.9371  -2.4988   2.4722   1.5870   0.9946   0.6777   0.4569   0.2030   0.0598
   14.9000  -0.9434  -2.5031   2.4713   1.5863   0.9976   0.6782   0.4606   0.2075   0.0618
   14.9500  -0.9496  -2.5073   2.4703   1.5855   1.0007   0.6788   0.4641   0.2120   0.0638
   15.0000  -0.9557  -2.5116   2.4693   1.5847   1.0038   0.6793   0.4676   0.2165   0.0659
   15.0500  -0.9619  -2.5158   2.4682   1.5839   1.0069   0.6798   0.4710   0.2211   0.0681
   15.1000  -0.9680  -2.5199   2.4671   1.5830   1.0101   0.6803   0.4742   0.2256   0.0703
   15.1500  -0.9740  -2.5241   2.4659   1.5821   1.0132   0.6808   0.4774   0.2302   0.0726
   15.2000  -0.9800  -2.5282   2.4647   1.5811   1.0164   0.6814   0.4804   0.2348   0.0749
   15.2500  -0.9860  -2.5323   2.4635   1.5802   1.0195   0.6819   0.4833   0.2394   0.0772
   15.3000  -0.9919  -2.5364   2.4622   1.5792   1.0227   0.6824   0.4862   0.2439   0.0796
   15.3500  -0.9978  -2.5405   2.4608   1.5783   1.0258   0.6830   0.4889   0.2485   0.0821
   15.4000  -1.0037  -2.5445   2.4594   1.5773   1.0289   0.6836   0.4915   0.2531   0.0846
   15.4500  -1.0096  -2.5486   2.4579   1.5763   1.0321   0.6841   0.4940   0.2576   0.0871
   15.5000  -1.0154  -2.5526   2.4564   1.5753   1.0351   0.6848   0.4964   0.2621   0.0897
   15.5500  -1.0212  -2.5567   2.4548   1.5744   1.0382   0.6854   0.4987   0.2667   0.0924
   15.6000  -1.0270  -2.5607   2.4531   1.5734   1.0413   0.6861   0.5009   0.2711   0.0951
   15.6500  -1.0328  -2.5648   2.4514   1.5724   1.0443   0.6868   0.5031   0.2756   0.0978
   15.7000  -1.0385  -2.5688   2.4497   1.5715   1.0472   0.6875   0.5051   0.2801   0.1006
   15.7500  -1.0443  -2.5729   2.4478   1.5706   1.0502   0.6883   0.5070   0.2845   0.1034
   15.8000  -1.0500  -2.5769   2.4460   1.5696   1.0531   0.6891   0.5089   0.2889   0.1063
   15.8500  -1.0557  -2.5810   2.4440   1.5688   1.0559   0.6899   0.5106   0.2932   0.1092
   15.9000  -1.0614  -2.5850   2.4420   1.5679   1.0587   0.6908   0.5123   0.2975   0.1122
   15.9500  -1.0671  -2.5891   2.4400   1.5671   1.0614   0.6917   0.5139   0.3018   0.1152
   16.0000  -1.0728  -2.5932   2.4379   1.5662   1.0641   0.6927   0.5154   0.3060   0.1183
   16.0500  -1.0785  -2.5974   2.4357   1.5655   1.0667   0.6937   0.5168   0.3102   0.1214
   16.1000  -1.0842  -2.6015   2.4335   1.5647   1.0692   0.6948   0.5182   0.3143   0.1245
   16.1500  -1.0899  -2.6056   2.4313   1.5640   1.0717   0.6959   0.5195   0.3183   0.1277
   16.2000  -1.0956  -2.6098   2.4289   1.5634   1.0741   0.6971   0.5207   0.3223   0.1309
   16.2500  -1.1013  -2.6140   2.4266   1.5627   1.0765   0.6983   0.5218   0.3263   0.1342
   16.3000  -1.1070  -2.6182   2.4242   1.5622   1.0787   0.6996   0.5229   0.3302   0.1375
   16.3500  -1.1127  -2.6225   2.4217   1.5616   1.0809   0.7009   0.5239   0.3340   0.1408
   16.4000  -1.1185  -2.6267   2.4192   1.5612   1.0831   0.7023   0.5249   0.3378   0.1441
   16.4500  -1.1242  -2.6310   2.4167   1.5607   1.0851   0.7038   0.5258   0.3415   0.1475
   16.5000  -1.1299  -2.6353   2.4141   1.5603   1.0871   0.7053   0.5266   0.3451   0.1510
   16.5500  -1.1357  -2.6397   2.4115   1.5600   1.0889   0.7068   0.5274   0.3487   0.1544
   16.6000  -1.1414  -2.6440   2.4089   1.5597   1.0907   0.7084   0.5282   0.3522   0.1579
   16.6500  -1.1472  -2.6484   2.4062   1.5595   1.0925   0.7101   0.5289   0.3556   0.1614
   16.7000  -1.1530  -2.6529   2.4035   1.5593   1.0941   0.7118   0.5295   0.3589   0.1649
   16.7500  -1.1588  -2.6573   2.4007   1.5591   1.0957   0.7136   0.5302   0.3622   0.1685
   16.8000  -1.1646  -2.6618   2.3979   1.5591   1.0971   0.7154   0.5308   0.3654   0.1720
   16.8500  -1.1705  -2.6663   2.3952   1.5590   1.0985   0.7173   0.5313   0.3685   0.1756
   16.9000  -1.1763  -2.6709   2.3923   1.5591   1.0998   0.7192   0.5318   0.3716   0.1792
   16.9500  -1.1822  -2.6754   2.3895   1.5591   1.1011   0.7212   0.5323   0.3745   0.1828
   17.0000  -1.1881  -2.6800   2.3866   1.5593   1.1022   0.7232   0.5328   0.3774   0.1864
   17.0500  -1.1940  -2.6847   2.3838   1.5594   1.1033   0.7253   0.5333   0.3802   0.1901
   17.1000  -1.1999  -2.6893   2.3809   1.5597   1.1043   0.7274   0.5337   0.3830   0.1937
   17.1500  -1.2059  -2.6940   2.3780   1.5600   1.1053   0.7296   0.5341   0.3856   0.1974
   17.2000  -1.2119  -2.6987   2.3751   1.5603   1.1061   0.7318   0.5345   0.3882   0.2010
   17.2500  -1.2179  -2.7034   2.3722   1.5607   1.1069   0.7341   0.5349   0.3907   0.2047
   17.3000  -1.2239  -2.7082   2.3693   1.5611   1.1076   0.7363   0.5353   0.3931   0.2083
   17.3500  -1.2299  -2.7130   2.3664   1.5616   1.1083   0.7387   0.5357   0.3954   0.2120
   17.4000  -1.2359  -2.7178   2.3635   1.5621   1.1088   0.7410   0.5361   0.3976   0.2156
   17.4500  -1.2420  -2.7226   2.3605   1.5626   1.1094   0.7434   0.5364   0.3998   0.2192
   17.5000  -1.2481  -2.7275   2.3576   1.5632   1.1098   0.7458   0.5368   0.4019   0.2228
   17.5500  -1.2542  -2.7324   2.3548   1.5639   1.1102   0.7482   0.5372   0.4039   0.2264
   17.6000  -1.2603  -2.7373   2.3519   1.5645   1.1105   0.7507   0.5376   0.4059   0.2300
   17.6500  -1.2665  -2.7422   2.3490   1.5652   1.1108   0.7531   0.5380   0.4077   0.2336
   17.7000  -1.2726  -2.7471   2.3462   1.5660   1.1110   0.7556   0.5384   0.4095   0.2371
   17.7500  -1.2788  -2.7521   2.3433   1.5667   1.1112   0.7581   0.5389   0.4113   0.2407
