    711    12   202     datakind beginning-row linenumbers
 ----------------------------------------------------------------
                     David A. Shirley's group
               Pennsylvania State University (PSU)
           Lawrence Berkeley National Laboratory (LBNL)
      Copyright (c) 1995-1996 DAS group. All rights reserved
 ----------------------------------------------------------------

         O              Oxygen phase shift data

         k   p(l=0)   p(l=1)   p(l=2)   p(l=3)   p(l=4)   p(l=5)   p(l=6)   p(l=7)  p(l=08)  p(l=09)  p(l=10)  p(l=11)  p(l=12)  p(l=13)  p(l=14)  p(l=15)  p(l=16)  p(l=17)
        18              lnum
    8.0000   3.0061   1.6593   0.8616   0.4447   0.2251   0.0883   0.0251   0.0054   0.0009   0.0001   0.0000   0.0000   0.0000   0.0000   0.0000   0.0000   0.0000   0.0000
    8.0500   2.9976   1.6559   0.8634   0.4470   0.2284   0.0910   0.0263   0.0057   0.0010   0.0001   0.0000   0.0000   0.0000   0.0000   0.0000   0.0000   0.0000   0.0000
    8.1000   2.9891   1.6525   0.8651   0.4493   0.2315   0.0938   0.0276   0.0061   0.0010   0.0001   0.0000   0.0000   0.0000   0.0000   0.0000   0.0000   0.0000   0.0000
    8.1500   2.9807   1.6492   0.8668   0.4515   0.2346   0.0966   0.0289   0.0065   0.0011   0.0002   0.0000   0.0000   0.0000   0.0000   0.0000   0.0000   0.0000   0.0000
    8.2000   2.9724   1.6459   0.8684   0.4537   0.2376   0.0993   0.0302   0.0069   0.0012   0.0002   0.0000   0.0000   0.0000   0.0000   0.0000   0.0000   0.0000   0.0000
    8.2500   2.9641   1.6427   0.8699   0.4560   0.2406   0.1021   0.0316   0.0073   0.0013   0.0002   0.0000   0.0000   0.0000   0.0000   0.0000   0.0000   0.0000   0.0000
    8.3000   2.9560   1.6395   0.8714   0.4582   0.2434   0.1049   0.0330   0.0077   0.0014   0.0002   0.0000   0.0000   0.0000   0.0000   0.0000   0.0000   0.0000   0.0000
    8.3500   2.9478   1.6364   0.8728   0.4603   0.2463   0.1077   0.0344   0.0082   0.0015   0.0002   0.0000   0.0000   0.0000   0.0000   0.0000   0.0000   0.0000   0.0000
    8.4000   2.9398   1.6333   0.8741   0.4625   0.2490   0.1105   0.0359   0.0087   0.0016   0.0002   0.0000   0.0000   0.0000   0.0000   0.0000   0.0000   0.0000   0.0000
    8.4500   2.9318   1.6303   0.8754   0.4647   0.2516   0.1133   0.0374   0.0092   0.0017   0.0003   0.0000   0.0000   0.0000   0.0000   0.0000   0.0000   0.0000   0.0000
    8.5000   2.9239   1.6273   0.8766   0.4668   0.2542   0.1161   0.0389   0.0097   0.0019   0.0003   0.0000   0.0000   0.0000   0.0000   0.0000   0.0000   0.0000   0.0000
    8.5500   2.9160   1.6243   0.8778   0.4690   0.2568   0.1189   0.0405   0.0103   0.0020   0.0003   0.0000   0.0000   0.0000   0.0000   0.0000   0.0000   0.0000   0.0000
    8.6000   2.9082   1.6214   0.8788   0.4711   0.2592   0.1217   0.0421   0.0108   0.0021   0.0003   0.0000   0.0000   0.0000   0.0000   0.0000   0.0000   0.0000   0.0000
    8.6500   2.9005   1.6185   0.8798   0.4733   0.2616   0.1245   0.0438   0.0114   0.0023   0.0004   0.0000   0.0000   0.0000   0.0000   0.0000   0.0000   0.0000   0.0000
    8.7000   2.8929   1.6157   0.8808   0.4755   0.2640   0.1272   0.0455   0.0121   0.0025   0.0004   0.0001   0.0000   0.0000   0.0000   0.0000   0.0000   0.0000   0.0000
    8.7500   2.8853   1.6129   0.8817   0.4776   0.2663   0.1299   0.0472   0.0127   0.0026   0.0004   0.0001   0.0000   0.0000   0.0000   0.0000   0.0000   0.0000   0.0000
    8.8000   2.8778   1.6101   0.8825   0.4798   0.2685   0.1326   0.0489   0.0134   0.0028   0.0005   0.0001   0.0000   0.0000   0.0000   0.0000   0.0000   0.0000   0.0000
    8.8500   2.8703   1.6074   0.8832   0.4819   0.2706   0.1353   0.0507   0.0141   0.0030   0.0005   0.0001   0.0000   0.0000   0.0000   0.0000   0.0000   0.0000   0.0000
    8.9000   2.8629   1.6047   0.8839   0.4841   0.2728   0.1380   0.0525   0.0148   0.0032   0.0005   0.0001   0.0000   0.0000   0.0000   0.0000   0.0000   0.0000   0.0000
    8.9500   2.8556   1.6020   0.8846   0.4862   0.2748   0.1406   0.0543   0.0156   0.0034   0.0006   0.0001   0.0000   0.0000   0.0000   0.0000   0.0000   0.0000   0.0000
    9.0000   2.8483   1.5993   0.8851   0.4884   0.2769   0.1432   0.0562   0.0163   0.0036   0.0006   0.0001   0.0000   0.0000   0.0000   0.0000   0.0000   0.0000   0.0000
    9.0500   2.8411   1.5967   0.8857   0.4905   0.2788   0.1458   0.0581   0.0171   0.0039   0.0007   0.0001   0.0000   0.0000   0.0000   0.0000   0.0000   0.0000   0.0000
    9.1000   2.8340   1.5940   0.8861   0.4927   0.2808   0.1483   0.0600   0.0180   0.0041   0.0007   0.0001   0.0000   0.0000   0.0000   0.0000   0.0000   0.0000   0.0000
    9.1500   2.8269   1.5914   0.8865   0.4948   0.2827   0.1508   0.0619   0.0188   0.0044   0.0008   0.0001   0.0000   0.0000   0.0000   0.0000   0.0000   0.0000   0.0000
    9.2000   2.8199   1.5888   0.8869   0.4970   0.2845   0.1532   0.0639   0.0197   0.0046   0.0009   0.0001   0.0000   0.0000   0.0000   0.0000   0.0000   0.0000   0.0000
    9.2500   2.8129   1.5862   0.8872   0.4991   0.2863   0.1556   0.0658   0.0206   0.0049   0.0009   0.0001   0.0000   0.0000   0.0000   0.0000   0.0000   0.0000   0.0000
    9.3000   2.8060   1.5837   0.8874   0.5012   0.2881   0.1580   0.0678   0.0216   0.0052   0.0010   0.0002   0.0000   0.0000   0.0000   0.0000   0.0000   0.0000   0.0000
    9.3500   2.7991   1.5811   0.8877   0.5034   0.2899   0.1603   0.0698   0.0225   0.0055   0.0011   0.0002   0.0000   0.0000   0.0000   0.0000   0.0000   0.0000   0.0000
    9.4000   2.7923   1.5786   0.8878   0.5055   0.2916   0.1626   0.0718   0.0235   0.0059   0.0011   0.0002   0.0000   0.0000   0.0000   0.0000   0.0000   0.0000   0.0000
    9.4500   2.7855   1.5760   0.8880   0.5076   0.2934   0.1649   0.0738   0.0245   0.0062   0.0012   0.0002   0.0000   0.0000   0.0000   0.0000   0.0000   0.0000   0.0000
    9.5000   2.7788   1.5735   0.8881   0.5097   0.2951   0.1671   0.0759   0.0256   0.0066   0.0013   0.0002   0.0000   0.0000   0.0000   0.0000   0.0000   0.0000   0.0000
    9.5500   2.7722   1.5709   0.8882   0.5117   0.2967   0.1692   0.0779   0.0267   0.0069   0.0014   0.0002   0.0000   0.0000   0.0000   0.0000   0.0000   0.0000   0.0000
    9.6000   2.7655   1.5684   0.8882   0.5138   0.2984   0.1713   0.0799   0.0278   0.0073   0.0015   0.0002   0.0000   0.0000   0.0000   0.0000   0.0000   0.0000   0.0000
    9.6500   2.7590   1.5658   0.8882   0.5158   0.3001   0.1734   0.0820   0.0289   0.0077   0.0016   0.0003   0.0000   0.0000   0.0000   0.0000   0.0000   0.0000   0.0000
    9.7000   2.7524   1.5632   0.8882   0.5178   0.3017   0.1754   0.0840   0.0301   0.0081   0.0017   0.0003   0.0000   0.0000   0.0000   0.0000   0.0000   0.0000   0.0000
    9.7500   2.7459   1.5607   0.8882   0.5198   0.3033   0.1774   0.0861   0.0313   0.0086   0.0018   0.0003   0.0000   0.0000   0.0000   0.0000   0.0000   0.0000   0.0000
    9.8000   2.7395   1.5581   0.8882   0.5218   0.3050   0.1794   0.0881   0.0325   0.0090   0.0020   0.0003   0.0000   0.0000   0.0000   0.0000   0.0000   0.0000   0.0000
    9.8500   2.7331   1.5555   0.8881   0.5237   0.3066   0.1812   0.0902   0.0337   0.0095   0.0021   0.0004   0.0001   0.0000   0.0000   0.0000   0.0000   0.0000   0.0000
    9.9000   2.7267   1.5529   0.8880   0.5256   0.3082   0.1831   0.0922   0.0350   0.0100   0.0022   0.0004   0.0001   0.0000   0.0000   0.0000   0.0000   0.0000   0.0000
    9.9500   2.7203   1.5504   0.8879   0.5274   0.3098   0.1849   0.0942   0.0362   0.0105   0.0024   0.0004   0.0001   0.0000   0.0000   0.0000   0.0000   0.0000   0.0000
   10.0000   2.7140   1.5477   0.8879   0.5293   0.3114   0.1867   0.0962   0.0376   0.0111   0.0025   0.0005   0.0001   0.0000   0.0000   0.0000   0.0000   0.0000   0.0000
   10.0500   2.7077   1.5451   0.8878   0.5310   0.3131   0.1884   0.0983   0.0389   0.0116   0.0027   0.0005   0.0001   0.0000   0.0000   0.0000   0.0000   0.0000   0.0000
   10.1000   2.7014   1.5425   0.8877   0.5328   0.3147   0.1901   0.1002   0.0402   0.0122   0.0029   0.0005   0.0001   0.0000   0.0000   0.0000   0.0000   0.0000   0.0000
   10.1500   2.6952   1.5399   0.8876   0.5345   0.3163   0.1917   0.1022   0.0416   0.0128   0.0030   0.0006   0.0001   0.0000   0.0000   0.0000   0.0000   0.0000   0.0000
   10.2000   2.6890   1.5372   0.8875   0.5362   0.3179   0.1933   0.1042   0.0430   0.0134   0.0032   0.0006   0.0001   0.0000   0.0000   0.0000   0.0000   0.0000   0.0000
   10.2500   2.6828   1.5345   0.8874   0.5378   0.3196   0.1949   0.1061   0.0444   0.0140   0.0034   0.0007   0.0001   0.0000   0.0000   0.0000   0.0000   0.0000   0.0000
   10.3000   2.6766   1.5319   0.8873   0.5394   0.3212   0.1964   0.1081   0.0459   0.0147   0.0036   0.0007   0.0001   0.0000   0.0000   0.0000   0.0000   0.0000   0.0000
   10.3500   2.6705   1.5292   0.8872   0.5409   0.3229   0.1979   0.1100   0.0473   0.0153   0.0039   0.0008   0.0001   0.0000   0.0000   0.0000   0.0000   0.0000   0.0000
   10.4000   2.6643   1.5265   0.8871   0.5424   0.3245   0.1994   0.1118   0.0488   0.0160   0.0041   0.0008   0.0001   0.0000   0.0000   0.0000   0.0000   0.0000   0.0000
   10.4500   2.6582   1.5238   0.8870   0.5439   0.3262   0.2008   0.1137   0.0503   0.0168   0.0043   0.0009   0.0001   0.0000   0.0000   0.0000   0.0000   0.0000   0.0000
   10.5000   2.6521   1.5211   0.8869   0.5453   0.3279   0.2023   0.1155   0.0518   0.0175   0.0046   0.0009   0.0002   0.0000   0.0000   0.0000   0.0000   0.0000   0.0000
   10.5500   2.6461   1.5184   0.8869   0.5467   0.3295   0.2037   0.1173   0.0533   0.0182   0.0048   0.0010   0.0002   0.0000   0.0000   0.0000   0.0000   0.0000   0.0000
   10.6000   2.6400   1.5156   0.8868   0.5480   0.3312   0.2050   0.1191   0.0548   0.0190   0.0051   0.0011   0.0002   0.0000   0.0000   0.0000   0.0000   0.0000   0.0000
   10.6500   2.6340   1.5129   0.8868   0.5492   0.3329   0.2064   0.1209   0.0563   0.0198   0.0054   0.0012   0.0002   0.0000   0.0000   0.0000   0.0000   0.0000   0.0000
   10.7000   2.6279   1.5102   0.8868   0.5505   0.3346   0.2077   0.1226   0.0579   0.0206   0.0057   0.0012   0.0002   0.0000   0.0000   0.0000   0.0000   0.0000   0.0000
   10.7500   2.6219   1.5074   0.8868   0.5517   0.3363   0.2090   0.1243   0.0594   0.0215   0.0060   0.0013   0.0002   0.0000   0.0000   0.0000   0.0000   0.0000   0.0000
   10.8000   2.6159   1.5047   0.8868   0.5528   0.3380   0.2103   0.1259   0.0610   0.0223   0.0063   0.0014   0.0003   0.0000   0.0000   0.0000   0.0000   0.0000   0.0000
   10.8500   2.6099   1.5019   0.8868   0.5539   0.3397   0.2116   0.1276   0.0625   0.0232   0.0066   0.0015   0.0003   0.0000   0.0000   0.0000   0.0000   0.0000   0.0000
   10.9000   2.6040   1.4992   0.8868   0.5549   0.3414   0.2128   0.1292   0.0641   0.0241   0.0070   0.0016   0.0003   0.0000   0.0000   0.0000   0.0000   0.0000   0.0000
   10.9500   2.5980   1.4965   0.8868   0.5559   0.3431   0.2141   0.1308   0.0657   0.0251   0.0073   0.0017   0.0003   0.0000   0.0000   0.0000   0.0000   0.0000   0.0000
   11.0000   2.5921   1.4937   0.8868   0.5569   0.3448   0.2153   0.1323   0.0672   0.0260   0.0077   0.0018   0.0003   0.0001   0.0000   0.0000   0.0000   0.0000   0.0000
   11.0500   2.5861   1.4910   0.8869   0.5579   0.3465   0.2165   0.1338   0.0688   0.0270   0.0081   0.0019   0.0004   0.0001   0.0000   0.0000   0.0000   0.0000   0.0000
   11.1000   2.5802   1.4883   0.8869   0.5587   0.3482   0.2178   0.1353   0.0704   0.0279   0.0085   0.0020   0.0004   0.0001   0.0000   0.0000   0.0000   0.0000   0.0000
   11.1500   2.5743   1.4856   0.8870   0.5596   0.3499   0.2190   0.1367   0.0719   0.0289   0.0089   0.0022   0.0004   0.0001   0.0000   0.0000   0.0000   0.0000   0.0000
   11.2000   2.5684   1.4828   0.8871   0.5604   0.3516   0.2202   0.1382   0.0735   0.0300   0.0094   0.0023   0.0005   0.0001   0.0000   0.0000   0.0000   0.0000   0.0000
   11.2500   2.5625   1.4801   0.8871   0.5612   0.3532   0.2214   0.1395   0.0751   0.0310   0.0098   0.0024   0.0005   0.0001   0.0000   0.0000   0.0000   0.0000   0.0000
   11.3000   2.5567   1.4775   0.8872   0.5620   0.3549   0.2226   0.1409   0.0766   0.0321   0.0103   0.0026   0.0005   0.0001   0.0000   0.0000   0.0000   0.0000   0.0000
   11.3500   2.5508   1.4748   0.8873   0.5627   0.3565   0.2238   0.1422   0.0782   0.0331   0.0108   0.0027   0.0006   0.0001   0.0000   0.0000   0.0000   0.0000   0.0000
   11.4000   2.5450   1.4721   0.8873   0.5634   0.3582   0.2250   0.1435   0.0797   0.0342   0.0113   0.0029   0.0006   0.0001   0.0000   0.0000   0.0000   0.0000   0.0000
   11.4500   2.5392   1.4695   0.8874   0.5641   0.3598   0.2263   0.1448   0.0812   0.0353   0.0118   0.0031   0.0006   0.0001   0.0000   0.0000   0.0000   0.0000   0.0000
   11.5000   2.5333   1.4669   0.8873   0.5648   0.3611   0.2274   0.1460   0.0824   0.0362   0.0122   0.0032   0.0007   0.0001   0.0000   0.0000   0.0000   0.0000   0.0000
   11.5500   2.5275   1.4642   0.8874   0.5654   0.3627   0.2287   0.1472   0.0839   0.0373   0.0127   0.0034   0.0007   0.0001   0.0000   0.0000   0.0000   0.0000   0.0000
   11.6000   2.5218   1.4617   0.8874   0.5660   0.3643   0.2299   0.1484   0.0854   0.0385   0.0132   0.0036   0.0008   0.0001   0.0000   0.0000   0.0000   0.0000   0.0000
   11.6500   2.5160   1.4591   0.8875   0.5666   0.3658   0.2311   0.1496   0.0869   0.0396   0.0138   0.0038   0.0008   0.0001   0.0000   0.0000   0.0000   0.0000   0.0000
   11.7000   2.5103   1.4565   0.8875   0.5672   0.3673   0.2324   0.1507   0.0884   0.0408   0.0144   0.0040   0.0009   0.0002   0.0000   0.0000   0.0000   0.0000   0.0000
   11.7500   2.5046   1.4540   0.8876   0.5678   0.3688   0.2336   0.1518   0.0898   0.0420   0.0150   0.0042   0.0009   0.0002   0.0000   0.0000   0.0000   0.0000   0.0000
   11.8000   2.4989   1.4515   0.8876   0.5683   0.3703   0.2349   0.1529   0.0912   0.0432   0.0156   0.0044   0.0010   0.0002   0.0000   0.0000   0.0000   0.0000   0.0000
   11.8500   2.4933   1.4490   0.8876   0.5689   0.3717   0.2361   0.1540   0.0927   0.0444   0.0163   0.0047   0.0011   0.0002   0.0000   0.0000   0.0000   0.0000   0.0000
   11.9000   2.4876   1.4466   0.8876   0.5694   0.3732   0.2374   0.1551   0.0940   0.0456   0.0169   0.0049   0.0011   0.0002   0.0000   0.0000   0.0000   0.0000   0.0000
   11.9500   2.4820   1.4441   0.8876   0.5699   0.3745   0.2387   0.1561   0.0954   0.0468   0.0176   0.0052   0.0012   0.0002   0.0000   0.0000   0.0000   0.0000   0.0000
   12.0000   2.4764   1.4417   0.8876   0.5705   0.3759   0.2400   0.1572   0.0968   0.0480   0.0183   0.0054   0.0013   0.0003   0.0000   0.0000   0.0000   0.0000   0.0000
   12.0500   2.4709   1.4393   0.8875   0.5710   0.3772   0.2413   0.1582   0.0981   0.0493   0.0190   0.0057   0.0014   0.0003   0.0000   0.0000   0.0000   0.0000   0.0000
   12.1000   2.4653   1.4370   0.8875   0.5715   0.3785   0.2426   0.1592   0.0994   0.0505   0.0197   0.0060   0.0015   0.0003   0.0000   0.0000   0.0000   0.0000   0.0000
   12.1500   2.4598   1.4346   0.8874   0.5720   0.3798   0.2439   0.1602   0.1007   0.0517   0.0205   0.0063   0.0016   0.0003   0.0001   0.0000   0.0000   0.0000   0.0000
   12.2000   2.4543   1.4323   0.8873   0.5725   0.3810   0.2452   0.1611   0.1019   0.0530   0.0212   0.0066   0.0016   0.0003   0.0001   0.0000   0.0000   0.0000   0.0000
   12.2500   2.4489   1.4301   0.8871   0.5731   0.3822   0.2465   0.1621   0.1032   0.0542   0.0220   0.0069   0.0017   0.0004   0.0001   0.0000   0.0000   0.0000   0.0000
   12.3000   2.4435   1.4278   0.8870   0.5736   0.3834   0.2479   0.1630   0.1044   0.0555   0.0228   0.0073   0.0019   0.0004   0.0001   0.0000   0.0000   0.0000   0.0000
   12.3500   2.4381   1.4256   0.8868   0.5741   0.3845   0.2492   0.1640   0.1056   0.0567   0.0236   0.0076   0.0020   0.0004   0.0001   0.0000   0.0000   0.0000   0.0000
   12.4000   2.4327   1.4234   0.8866   0.5746   0.3856   0.2505   0.1649   0.1068   0.0580   0.0244   0.0080   0.0021   0.0004   0.0001   0.0000   0.0000   0.0000   0.0000
   12.4500   2.4274   1.4212   0.8864   0.5752   0.3867   0.2519   0.1659   0.1079   0.0592   0.0252   0.0083   0.0022   0.0005   0.0001   0.0000   0.0000   0.0000   0.0000
   12.5000   2.4221   1.4190   0.8862   0.5757   0.3878   0.2532   0.1668   0.1090   0.0605   0.0261   0.0087   0.0023   0.0005   0.0001   0.0000   0.0000   0.0000   0.0000
   12.5500   2.4168   1.4169   0.8859   0.5762   0.3888   0.2546   0.1677   0.1101   0.0617   0.0269   0.0091   0.0025   0.0005   0.0001   0.0000   0.0000   0.0000   0.0000
   12.6000   2.4116   1.4148   0.8857   0.5768   0.3898   0.2559   0.1686   0.1112   0.0629   0.0278   0.0095   0.0026   0.0006   0.0001   0.0000   0.0000   0.0000   0.0000
   12.6500   2.4064   1.4127   0.8853   0.5773   0.3907   0.2573   0.1696   0.1123   0.0642   0.0287   0.0100   0.0027   0.0006   0.0001   0.0000   0.0000   0.0000   0.0000
   12.7000   2.4012   1.4106   0.8850   0.5779   0.3917   0.2586   0.1705   0.1133   0.0654   0.0296   0.0104   0.0029   0.0007   0.0001   0.0000   0.0000   0.0000   0.0000
   12.7500   2.3961   1.4086   0.8847   0.5785   0.3926   0.2600   0.1714   0.1143   0.0666   0.0305   0.0108   0.0031   0.0007   0.0001   0.0000   0.0000   0.0000   0.0000
   12.8000   2.3910   1.4065   0.8843   0.5790   0.3934   0.2613   0.1724   0.1153   0.0678   0.0314   0.0113   0.0032   0.0007   0.0001   0.0000   0.0000   0.0000   0.0000
   12.8500   2.3859   1.4045   0.8839   0.5796   0.3943   0.2626   0.1733   0.1163   0.0690   0.0324   0.0118   0.0034   0.0008   0.0002   0.0000   0.0000   0.0000   0.0000
   12.9000   2.3809   1.4025   0.8835   0.5802   0.3951   0.2640   0.1742   0.1172   0.0702   0.0333   0.0123   0.0036   0.0008   0.0002   0.0000   0.0000   0.0000   0.0000
   12.9500   2.3759   1.4005   0.8831   0.5808   0.3959   0.2653   0.1752   0.1181   0.0714   0.0343   0.0128   0.0038   0.0009   0.0002   0.0000   0.0000   0.0000   0.0000
   13.0000   2.3710   1.3985   0.8826   0.5814   0.3967   0.2666   0.1761   0.1190   0.0725   0.0352   0.0133   0.0040   0.0010   0.0002   0.0000   0.0000   0.0000   0.0000
   13.0500   2.3661   1.3966   0.8821   0.5820   0.3974   0.2679   0.1771   0.1199   0.0737   0.0362   0.0138   0.0042   0.0010   0.0002   0.0000   0.0000   0.0000   0.0000
   13.1000   2.3612   1.3946   0.8816   0.5826   0.3982   0.2692   0.1780   0.1208   0.0748   0.0372   0.0143   0.0044   0.0011   0.0002   0.0000   0.0000   0.0000   0.0000
   13.1500   2.3564   1.3927   0.8811   0.5832   0.3989   0.2705   0.1790   0.1217   0.0760   0.0382   0.0149   0.0046   0.0011   0.0002   0.0000   0.0000   0.0000   0.0000
   13.2000   2.3515   1.3907   0.8806   0.5838   0.3996   0.2717   0.1800   0.1225   0.0771   0.0391   0.0155   0.0048   0.0012   0.0003   0.0000   0.0000   0.0000   0.0000
   13.2500   2.3468   1.3888   0.8801   0.5844   0.4002   0.2730   0.1810   0.1233   0.0782   0.0401   0.0160   0.0051   0.0013   0.0003   0.0000   0.0000   0.0000   0.0000
   13.3000   2.3420   1.3869   0.8795   0.5851   0.4009   0.2742   0.1820   0.1241   0.0792   0.0412   0.0166   0.0053   0.0014   0.0003   0.0001   0.0000   0.0000   0.0000
   13.3500   2.3373   1.3850   0.8790   0.5857   0.4016   0.2754   0.1830   0.1249   0.0803   0.0422   0.0173   0.0056   0.0014   0.0003   0.0001   0.0000   0.0000   0.0000
   13.4000   2.3326   1.3831   0.8784   0.5863   0.4022   0.2766   0.1840   0.1257   0.0813   0.0432   0.0179   0.0058   0.0015   0.0003   0.0001   0.0000   0.0000   0.0000
   13.4500   2.3280   1.3811   0.8779   0.5869   0.4028   0.2778   0.1850   0.1265   0.0824   0.0442   0.0185   0.0061   0.0016   0.0004   0.0001   0.0000   0.0000   0.0000
   13.5000   2.3234   1.3792   0.8773   0.5875   0.4035   0.2789   0.1860   0.1273   0.0834   0.0452   0.0192   0.0064   0.0017   0.0004   0.0001   0.0000   0.0000   0.0000
   13.5500   2.3188   1.3773   0.8767   0.5881   0.4041   0.2801   0.1871   0.1280   0.0844   0.0462   0.0198   0.0067   0.0018   0.0004   0.0001   0.0000   0.0000   0.0000
   13.6000   2.3143   1.3754   0.8761   0.5886   0.4047   0.2812   0.1881   0.1288   0.0853   0.0473   0.0205   0.0070   0.0019   0.0004   0.0001   0.0000   0.0000   0.0000
   13.6500   2.3097   1.3735   0.8755   0.5892   0.4053   0.2823   0.1892   0.1295   0.0863   0.0483   0.0212   0.0073   0.0020   0.0005   0.0001   0.0000   0.0000   0.0000
   13.7000   2.3052   1.3716   0.8749   0.5898   0.4059   0.2833   0.1902   0.1303   0.0872   0.0493   0.0219   0.0076   0.0021   0.0005   0.0001   0.0000   0.0000   0.0000
   13.7500   2.3008   1.3697   0.8743   0.5904   0.4065   0.2844   0.1913   0.1310   0.0882   0.0503   0.0226   0.0080   0.0023   0.0005   0.0001   0.0000   0.0000   0.0000
   13.8000   2.2963   1.3678   0.8737   0.5909   0.4071   0.2854   0.1923   0.1317   0.0891   0.0513   0.0233   0.0083   0.0024   0.0006   0.0001   0.0000   0.0000   0.0000
   13.8500   2.2919   1.3658   0.8731   0.5914   0.4077   0.2864   0.1934   0.1325   0.0900   0.0523   0.0240   0.0087   0.0025   0.0006   0.0001   0.0000   0.0000   0.0000
   13.9000   2.2875   1.3639   0.8725   0.5920   0.4083   0.2874   0.1945   0.1332   0.0908   0.0533   0.0248   0.0090   0.0026   0.0006   0.0001   0.0000   0.0000   0.0000
   13.9500   2.2832   1.3620   0.8719   0.5925   0.4089   0.2883   0.1956   0.1339   0.0917   0.0543   0.0255   0.0094   0.0028   0.0007   0.0001   0.0000   0.0000   0.0000
   14.0000   2.2788   1.3600   0.8713   0.5929   0.4095   0.2893   0.1967   0.1346   0.0925   0.0553   0.0263   0.0098   0.0029   0.0007   0.0001   0.0000   0.0000   0.0000
   14.0500   2.2745   1.3581   0.8708   0.5934   0.4101   0.2902   0.1978   0.1354   0.0933   0.0563   0.0270   0.0102   0.0031   0.0008   0.0002   0.0000   0.0000   0.0000
   14.1000   2.2702   1.3561   0.8702   0.5939   0.4107   0.2911   0.1989   0.1361   0.0941   0.0573   0.0278   0.0106   0.0032   0.0008   0.0002   0.0000   0.0000   0.0000
   14.1500   2.2659   1.3542   0.8696   0.5943   0.4113   0.2919   0.2000   0.1368   0.0949   0.0583   0.0286   0.0110   0.0034   0.0009   0.0002   0.0000   0.0000   0.0000
   14.2000   2.2617   1.3522   0.8691   0.5947   0.4119   0.2928   0.2011   0.1376   0.0957   0.0593   0.0294   0.0115   0.0036   0.0009   0.0002   0.0000   0.0000   0.0000
   14.2500   2.2574   1.3502   0.8685   0.5951   0.4126   0.2936   0.2022   0.1383   0.0964   0.0602   0.0302   0.0119   0.0038   0.0010   0.0002   0.0000   0.0000   0.0000
   14.3000   2.2532   1.3482   0.8680   0.5955   0.4132   0.2944   0.2032   0.1390   0.0971   0.0612   0.0310   0.0124   0.0039   0.0010   0.0002   0.0000   0.0000   0.0000
   14.3500   2.2490   1.3462   0.8675   0.5959   0.4138   0.2951   0.2043   0.1398   0.0979   0.0621   0.0318   0.0128   0.0041   0.0011   0.0002   0.0000   0.0000   0.0000
   14.4000   2.2448   1.3443   0.8669   0.5962   0.4145   0.2959   0.2054   0.1405   0.0986   0.0630   0.0327   0.0133   0.0043   0.0011   0.0003   0.0000   0.0000   0.0000
   14.4500   2.2406   1.3423   0.8664   0.5965   0.4151   0.2966   0.2065   0.1413   0.0993   0.0639   0.0335   0.0138   0.0045   0.0012   0.0003   0.0001   0.0000   0.0000
   14.5000   2.2364   1.3403   0.8659   0.5968   0.4158   0.2973   0.2076   0.1421   0.0999   0.0649   0.0343   0.0143   0.0047   0.0013   0.0003   0.0001   0.0000   0.0000
   14.5500   2.2322   1.3383   0.8654   0.5971   0.4164   0.2980   0.2086   0.1428   0.1006   0.0657   0.0352   0.0148   0.0050   0.0014   0.0003   0.0001   0.0000   0.0000
   14.6000   2.2281   1.3362   0.8650   0.5974   0.4171   0.2987   0.2097   0.1436   0.1013   0.0666   0.0360   0.0153   0.0052   0.0014   0.0003   0.0001   0.0000   0.0000
   14.6500   2.2239   1.3342   0.8645   0.5976   0.4178   0.2994   0.2107   0.1444   0.1019   0.0675   0.0368   0.0159   0.0054   0.0015   0.0004   0.0001   0.0000   0.0000
   14.7000   2.2198   1.3322   0.8641   0.5978   0.4184   0.3000   0.2118   0.1452   0.1025   0.0683   0.0377   0.0164   0.0057   0.0016   0.0004   0.0001   0.0000   0.0000
   14.7500   2.2157   1.3302   0.8636   0.5980   0.4191   0.3007   0.2128   0.1460   0.1032   0.0692   0.0385   0.0170   0.0059   0.0017   0.0004   0.0001   0.0000   0.0000
   14.8000   2.2116   1.3282   0.8632   0.5982   0.4198   0.3013   0.2138   0.1468   0.1038   0.0700   0.0394   0.0175   0.0062   0.0018   0.0004   0.0001   0.0000   0.0000
   14.8500   2.2074   1.3262   0.8628   0.5984   0.4205   0.3019   0.2148   0.1476   0.1044   0.0708   0.0402   0.0181   0.0065   0.0019   0.0005   0.0001   0.0000   0.0000
   14.9000   2.2033   1.3241   0.8624   0.5985   0.4212   0.3025   0.2158   0.1485   0.1050   0.0716   0.0411   0.0187   0.0067   0.0020   0.0005   0.0001   0.0000   0.0000
   14.9500   2.1993   1.3221   0.8620   0.5986   0.4219   0.3031   0.2168   0.1493   0.1056   0.0724   0.0419   0.0193   0.0070   0.0021   0.0005   0.0001   0.0000   0.0000
   15.0000   2.1952   1.3201   0.8616   0.5987   0.4226   0.3037   0.2177   0.1501   0.1062   0.0732   0.0428   0.0199   0.0073   0.0022   0.0005   0.0001   0.0000   0.0000
   15.0500   2.1911   1.3181   0.8612   0.5988   0.4233   0.3043   0.2187   0.1510   0.1068   0.0739   0.0436   0.0205   0.0076   0.0023   0.0006   0.0001   0.0000   0.0000
   15.1000   2.1870   1.3161   0.8608   0.5989   0.4240   0.3048   0.2196   0.1519   0.1074   0.0747   0.0445   0.0211   0.0080   0.0024   0.0006   0.0001   0.0000   0.0000
   15.1500   2.1829   1.3141   0.8604   0.5990   0.4247   0.3054   0.2205   0.1527   0.1079   0.0754   0.0453   0.0217   0.0083   0.0026   0.0007   0.0001   0.0000   0.0000
   15.2000   2.1789   1.3121   0.8601   0.5990   0.4254   0.3060   0.2214   0.1536   0.1085   0.0761   0.0462   0.0224   0.0086   0.0027   0.0007   0.0001   0.0000   0.0000
   15.2500   2.1748   1.3101   0.8597   0.5990   0.4260   0.3065   0.2223   0.1545   0.1091   0.0768   0.0470   0.0230   0.0090   0.0028   0.0007   0.0002   0.0000   0.0000
   15.3000   2.1708   1.3081   0.8594   0.5991   0.4267   0.3071   0.2232   0.1554   0.1097   0.0775   0.0478   0.0237   0.0093   0.0030   0.0008   0.0002   0.0000   0.0000
   15.3500   2.1667   1.3061   0.8590   0.5991   0.4274   0.3076   0.2240   0.1562   0.1103   0.0781   0.0486   0.0243   0.0097   0.0031   0.0008   0.0002   0.0000   0.0000
   15.4000   2.1627   1.3042   0.8587   0.5991   0.4281   0.3082   0.2248   0.1571   0.1108   0.0788   0.0495   0.0250   0.0100   0.0033   0.0009   0.0002   0.0000   0.0000
   15.4500   2.1587   1.3022   0.8583   0.5991   0.4287   0.3088   0.2256   0.1580   0.1114   0.0794   0.0503   0.0257   0.0104   0.0034   0.0009   0.0002   0.0000   0.0000
   15.5000   2.1546   1.3003   0.8580   0.5991   0.4294   0.3093   0.2264   0.1589   0.1120   0.0801   0.0511   0.0264   0.0108   0.0036   0.0010   0.0002   0.0000   0.0000
   15.5500   2.1506   1.2984   0.8576   0.5990   0.4300   0.3099   0.2272   0.1598   0.1126   0.0807   0.0519   0.0270   0.0112   0.0037   0.0010   0.0002   0.0000   0.0000
   15.6000   2.1466   1.2964   0.8572   0.5990   0.4307   0.3104   0.2279   0.1607   0.1132   0.0813   0.0527   0.0277   0.0116   0.0039   0.0011   0.0003   0.0000   0.0000
   15.6500   2.1426   1.2945   0.8569   0.5990   0.4313   0.3110   0.2287   0.1616   0.1138   0.0819   0.0534   0.0284   0.0120   0.0041   0.0011   0.0003   0.0001   0.0000
   15.7000   2.1386   1.2926   0.8565   0.5990   0.4319   0.3116   0.2294   0.1625   0.1144   0.0825   0.0542   0.0291   0.0125   0.0043   0.0012   0.0003   0.0001   0.0000
   15.7500   2.1346   1.2908   0.8562   0.5989   0.4325   0.3121   0.2301   0.1635   0.1150   0.0830   0.0550   0.0298   0.0129   0.0045   0.0013   0.0003   0.0001   0.0000
   15.8000   2.1306   1.2889   0.8558   0.5989   0.4331   0.3127   0.2308   0.1644   0.1156   0.0836   0.0557   0.0306   0.0133   0.0047   0.0013   0.0003   0.0001   0.0000
   15.8500   2.1267   1.2871   0.8554   0.5989   0.4337   0.3133   0.2314   0.1653   0.1162   0.0841   0.0565   0.0313   0.0138   0.0049   0.0014   0.0003   0.0001   0.0000
   15.9000   2.1227   1.2852   0.8550   0.5988   0.4342   0.3139   0.2321   0.1662   0.1168   0.0847   0.0572   0.0320   0.0142   0.0051   0.0015   0.0004   0.0001   0.0000
   15.9500   2.1188   1.2834   0.8546   0.5988   0.4348   0.3145   0.2327   0.1670   0.1175   0.0852   0.0579   0.0327   0.0147   0.0053   0.0016   0.0004   0.0001   0.0000
   16.0000   2.1148   1.2816   0.8542   0.5988   0.4353   0.3151   0.2333   0.1679   0.1181   0.0857   0.0586   0.0334   0.0152   0.0056   0.0017   0.0004   0.0001   0.0000
   16.0500   2.1109   1.2798   0.8538   0.5987   0.4358   0.3157   0.2340   0.1688   0.1187   0.0862   0.0593   0.0341   0.0157   0.0058   0.0017   0.0004   0.0001   0.0000
   16.1000   2.1070   1.2781   0.8534   0.5987   0.4363   0.3163   0.2345   0.1697   0.1194   0.0867   0.0600   0.0349   0.0162   0.0060   0.0018   0.0005   0.0001   0.0000
   16.1500   2.1031   1.2763   0.8529   0.5987   0.4368   0.3169   0.2351   0.1706   0.1201   0.0872   0.0607   0.0356   0.0167   0.0063   0.0019   0.0005   0.0001   0.0000
   16.2000   2.0992   1.2746   0.8525   0.5987   0.4373   0.3176   0.2357   0.1714   0.1207   0.0877   0.0613   0.0363   0.0172   0.0065   0.0020   0.0005   0.0001   0.0000
   16.2500   2.0954   1.2729   0.8520   0.5987   0.4377   0.3182   0.2362   0.1723   0.1214   0.0882   0.0620   0.0370   0.0177   0.0068   0.0021   0.0006   0.0001   0.0000
   16.3000   2.0915   1.2712   0.8515   0.5987   0.4381   0.3188   0.2368   0.1731   0.1221   0.0887   0.0626   0.0378   0.0183   0.0071   0.0022   0.0006   0.0001   0.0000
   16.3500   2.0877   1.2695   0.8511   0.5987   0.4386   0.3195   0.2373   0.1739   0.1228   0.0892   0.0633   0.0385   0.0188   0.0074   0.0024   0.0006   0.0001   0.0000
   16.4000   2.0839   1.2679   0.8506   0.5987   0.4390   0.3201   0.2378   0.1748   0.1235   0.0896   0.0639   0.0392   0.0193   0.0077   0.0025   0.0007   0.0002   0.0000
   16.4500   2.0801   1.2662   0.8501   0.5988   0.4393   0.3208   0.2384   0.1756   0.1242   0.0901   0.0645   0.0399   0.0199   0.0079   0.0026   0.0007   0.0002   0.0000
   16.5000   2.0763   1.2646   0.8495   0.5988   0.4397   0.3214   0.2389   0.1764   0.1249   0.0906   0.0651   0.0406   0.0204   0.0083   0.0027   0.0007   0.0002   0.0000
   16.5500   2.0725   1.2629   0.8490   0.5988   0.4400   0.3221   0.2394   0.1772   0.1256   0.0911   0.0657   0.0413   0.0210   0.0086   0.0028   0.0008   0.0002   0.0000
   16.6000   2.0688   1.2613   0.8485   0.5989   0.4404   0.3227   0.2399   0.1779   0.1263   0.0915   0.0662   0.0420   0.0216   0.0089   0.0030   0.0008   0.0002   0.0000
   16.6500   2.0651   1.2597   0.8479   0.5989   0.4407   0.3234   0.2404   0.1787   0.1271   0.0920   0.0668   0.0427   0.0222   0.0092   0.0031   0.0009   0.0002   0.0000
   16.7000   2.0614   1.2582   0.8473   0.5990   0.4410   0.3241   0.2409   0.1794   0.1278   0.0925   0.0673   0.0434   0.0227   0.0096   0.0033   0.0009   0.0002   0.0000
   16.7500   2.0577   1.2566   0.8468   0.5991   0.4413   0.3247   0.2414   0.1802   0.1285   0.0929   0.0679   0.0441   0.0233   0.0099   0.0034   0.0010   0.0002   0.0000
   16.8000   2.0540   1.2550   0.8462   0.5991   0.4415   0.3254   0.2418   0.1809   0.1293   0.0934   0.0684   0.0448   0.0239   0.0103   0.0036   0.0010   0.0003   0.0001
   16.8500   2.0504   1.2535   0.8456   0.5992   0.4418   0.3261   0.2423   0.1816   0.1300   0.0939   0.0689   0.0454   0.0245   0.0106   0.0037   0.0011   0.0003   0.0001
   16.9000   2.0468   1.2520   0.8450   0.5993   0.4420   0.3267   0.2428   0.1823   0.1308   0.0944   0.0694   0.0461   0.0251   0.0110   0.0039   0.0011   0.0003   0.0001
   16.9500   2.0432   1.2504   0.8443   0.5994   0.4423   0.3274   0.2433   0.1830   0.1315   0.0949   0.0699   0.0468   0.0257   0.0114   0.0041   0.0012   0.0003   0.0001
   17.0000   2.0396   1.2489   0.8437   0.5995   0.4425   0.3280   0.2438   0.1836   0.1323   0.0953   0.0704   0.0474   0.0263   0.0117   0.0042   0.0013   0.0003   0.0001
   17.0500   2.0360   1.2474   0.8431   0.5996   0.4427   0.3287   0.2443   0.1843   0.1331   0.0958   0.0708   0.0480   0.0269   0.0121   0.0044   0.0013   0.0003   0.0001
   17.1000   2.0325   1.2459   0.8424   0.5997   0.4429   0.3293   0.2448   0.1849   0.1338   0.0963   0.0713   0.0487   0.0276   0.0125   0.0046   0.0014   0.0004   0.0001
   17.1500   2.0290   1.2444   0.8418   0.5998   0.4431   0.3299   0.2453   0.1855   0.1346   0.0968   0.0717   0.0493   0.0282   0.0129   0.0048   0.0015   0.0004   0.0001
   17.2000   2.0255   1.2429   0.8411   0.5999   0.4433   0.3306   0.2458   0.1861   0.1353   0.0973   0.0722   0.0499   0.0288   0.0134   0.0050   0.0016   0.0004   0.0001
   17.2500   2.0220   1.2414   0.8405   0.6001   0.4435   0.3312   0.2463   0.1867   0.1361   0.0979   0.0726   0.0505   0.0294   0.0138   0.0052   0.0016   0.0004   0.0001
   17.3000   2.0186   1.2399   0.8398   0.6002   0.4436   0.3318   0.2468   0.1873   0.1369   0.0984   0.0731   0.0511   0.0300   0.0142   0.0054   0.0017   0.0005   0.0001
   17.3500   2.0152   1.2384   0.8391   0.6003   0.4438   0.3324   0.2473   0.1878   0.1376   0.0989   0.0735   0.0517   0.0307   0.0146   0.0057   0.0018   0.0005   0.0001
   17.4000   2.0118   1.2369   0.8385   0.6004   0.4440   0.3330   0.2478   0.1884   0.1384   0.0994   0.0739   0.0523   0.0313   0.0151   0.0059   0.0019   0.0005   0.0001
   17.4500   2.0084   1.2354   0.8378   0.6005   0.4441   0.3336   0.2483   0.1889   0.1391   0.1000   0.0743   0.0529   0.0319   0.0155   0.0061   0.0020   0.0005   0.0001
   17.5000   2.0050   1.2339   0.8371   0.6006   0.4443   0.3342   0.2489   0.1894   0.1399   0.1005   0.0747   0.0534   0.0325   0.0160   0.0064   0.0021   0.0006   0.0001
   17.5500   2.0017   1.2325   0.8365   0.6007   0.4444   0.3347   0.2494   0.1899   0.1406   0.1011   0.0751   0.0540   0.0331   0.0165   0.0066   0.0022   0.0006   0.0001
   17.6000   1.9984   1.2310   0.8358   0.6008   0.4446   0.3353   0.2500   0.1904   0.1413   0.1016   0.0755   0.0545   0.0338   0.0169   0.0069   0.0023   0.0006   0.0002
   17.6500   1.9951   1.2295   0.8351   0.6009   0.4447   0.3358   0.2505   0.1909   0.1421   0.1022   0.0759   0.0550   0.0344   0.0174   0.0071   0.0024   0.0007   0.0002
   17.7000   1.9918   1.2280   0.8345   0.6010   0.4449   0.3363   0.2511   0.1914   0.1428   0.1028   0.0763   0.0556   0.0350   0.0179   0.0074   0.0025   0.0007   0.0002
   17.7500   1.9886   1.2265   0.8338   0.6011   0.4451   0.3369   0.2516   0.1919   0.1435   0.1033   0.0767   0.0561   0.0356   0.0184   0.0077   0.0026   0.0008   0.0002
   17.8000   1.9853   1.2250   0.8331   0.6012   0.4452   0.3374   0.2522   0.1923   0.1442   0.1039   0.0771   0.0566   0.0362   0.0189   0.0080   0.0027   0.0008   0.0002
   17.8500   1.9821   1.2235   0.8325   0.6013   0.4454   0.3378   0.2527   0.1928   0.1449   0.1045   0.0775   0.0571   0.0368   0.0194   0.0082   0.0029   0.0008   0.0002
   17.9000   1.9789   1.2220   0.8318   0.6013   0.4455   0.3383   0.2533   0.1933   0.1456   0.1051   0.0779   0.0575   0.0374   0.0199   0.0085   0.0030   0.0009   0.0002
   17.9500   1.9757   1.2205   0.8312   0.6014   0.4457   0.3388   0.2539   0.1937   0.1463   0.1057   0.0783   0.0580   0.0380   0.0204   0.0088   0.0031   0.0009   0.0002
   18.0000   1.9725   1.2190   0.8306   0.6014   0.4459   0.3392   0.2545   0.1941   0.1469   0.1063   0.0786   0.0585   0.0386   0.0209   0.0091   0.0033   0.0010   0.0002
