    721    14   256     datakind beginning-row linenumbers
 ----------------------------------------------------------------
                     David A. Shirley's group
               Pennsylvania State University (PSU)
           Lawrence Berkeley National Laboratory (LBNL)
      Copyright (c) 1995-1996 DAS group. All rights reserved
 ----------------------------------------------------------------

        Fe 2p           Silver radial matrix data

        binding energy =  685.175 eV

            k     R(li+1)    phase(li+1)     R(li-1)    phase(li-1)
       5.0000    0.46472E-01      3.0756    0.10534E-01      1.3522
       5.0500    0.46510E-01      3.0732    0.10550E-01      1.3341
       5.1000    0.46546E-01      3.0708    0.10565E-01      1.3161
       5.1500    0.46581E-01      3.0684    0.10579E-01      1.2982
       5.2000    0.46614E-01      3.0660    0.10591E-01      1.2805
       5.2500    0.46645E-01      3.0636    0.10603E-01      1.2629
       5.3000    0.46673E-01      3.0613    0.10613E-01      1.2454
       5.3500    0.46699E-01      3.0589    0.10622E-01      1.2280
       5.4000    0.46721E-01      3.0566    0.10630E-01      1.2107
       5.4500    0.46741E-01      3.0542    0.10637E-01      1.1935
       5.5000    0.46756E-01      3.0519    0.10642E-01      1.1764
       5.5500    0.46768E-01      3.0496    0.10647E-01      1.1594
       5.6000    0.46776E-01      3.0473    0.10651E-01      1.1425
       5.6500    0.46779E-01      3.0450    0.10653E-01      1.1257
       5.7000    0.46778E-01      3.0427    0.10655E-01      1.1090
       5.7500    0.46772E-01      3.0404    0.10656E-01      1.0923
       5.8000    0.46761E-01      3.0381    0.10656E-01      1.0757
       5.8500    0.46746E-01      3.0357    0.10656E-01      1.0592
       5.9000    0.46725E-01      3.0334    0.10654E-01      1.0428
       5.9500    0.46700E-01      3.0311    0.10652E-01      1.0265
       6.0000    0.46670E-01      3.0287    0.10649E-01      1.0102
       6.0500    0.46636E-01      3.0263    0.10646E-01      0.9940
       6.1000    0.46596E-01      3.0239    0.10642E-01      0.9778
       6.1500    0.46553E-01      3.0214    0.10637E-01      0.9618
       6.2000    0.46505E-01      3.0189    0.10632E-01      0.9458
       6.2500    0.46453E-01      3.0163    0.10627E-01      0.9299
       6.3000    0.46397E-01      3.0138    0.10621E-01      0.9140
       6.3500    0.46337E-01      3.0111    0.10614E-01      0.8982
       6.4000    0.46274E-01      3.0084    0.10607E-01      0.8825
       6.4500    0.46208E-01      3.0057    0.10600E-01      0.8669
       6.5000    0.46139E-01      3.0029    0.10593E-01      0.8514
       6.5500    0.46067E-01      3.0000    0.10584E-01      0.8359
       6.6000    0.45993E-01      2.9972    0.10577E-01      0.8205
       6.6500    0.45916E-01      2.9942    0.10568E-01      0.8052
       6.7000    0.45838E-01      2.9912    0.10559E-01      0.7900
       6.7500    0.45758E-01      2.9882    0.10550E-01      0.7748
       6.8000    0.45676E-01      2.9851    0.10541E-01      0.7598
       6.8500    0.45593E-01      2.9820    0.10531E-01      0.7448
       6.9000    0.45509E-01      2.9788    0.10522E-01      0.7299
       6.9500    0.45424E-01      2.9756    0.10511E-01      0.7151
       7.0000    0.45337E-01      2.9724    0.10501E-01      0.7004
       7.0500    0.45251E-01      2.9692    0.10490E-01      0.6858
       7.1000    0.45163E-01      2.9659    0.10479E-01      0.6713
       7.1500    0.45075E-01      2.9626    0.10468E-01      0.6569
       7.2000    0.44987E-01      2.9594    0.10456E-01      0.6426
       7.2500    0.44897E-01      2.9561    0.10444E-01      0.6283
       7.3000    0.44808E-01      2.9528    0.10432E-01      0.6142
       7.3500    0.44717E-01      2.9494    0.10419E-01      0.6002
       7.4000    0.44627E-01      2.9461    0.10406E-01      0.5862
       7.4500    0.44535E-01      2.9428    0.10393E-01      0.5724
       7.5000    0.44443E-01      2.9396    0.10379E-01      0.5586
       7.5500    0.44350E-01      2.9363    0.10365E-01      0.5449
       7.6000    0.44257E-01      2.9330    0.10350E-01      0.5314
       7.6500    0.44162E-01      2.9298    0.10335E-01      0.5179
       7.7000    0.44066E-01      2.9266    0.10319E-01      0.5045
       7.7500    0.43970E-01      2.9234    0.10303E-01      0.4912
       7.8000    0.43872E-01      2.9202    0.10287E-01      0.4779
       7.8500    0.43772E-01      2.9171    0.10270E-01      0.4648
       7.9000    0.43671E-01      2.9139    0.10252E-01      0.4517
       7.9500    0.43569E-01      2.9108    0.10234E-01      0.4387
       8.0000    0.43465E-01      2.9077    0.10216E-01      0.4258
       8.0500    0.43359E-01      2.9047    0.10197E-01      0.4130
       8.1000    0.43251E-01      2.9016    0.10177E-01      0.4002
       8.1500    0.43141E-01      2.8986    0.10157E-01      0.3875
       8.2000    0.43030E-01      2.8956    0.10137E-01      0.3749
       8.2500    0.42916E-01      2.8926    0.10116E-01      0.3624
       8.3000    0.42800E-01      2.8896    0.10095E-01      0.3499
       8.3500    0.42683E-01      2.8867    0.10073E-01      0.3374
       8.4000    0.42563E-01      2.8837    0.10051E-01      0.3250
       8.4500    0.42441E-01      2.8808    0.10028E-01      0.3127
       8.5000    0.42317E-01      2.8778    0.10005E-01      0.3004
       8.5500    0.42191E-01      2.8749    0.99813E-02      0.2882
       8.6000    0.42063E-01      2.8719    0.99575E-02      0.2760
       8.6500    0.41934E-01      2.8690    0.99333E-02      0.2639
       8.7000    0.41802E-01      2.8660    0.99088E-02      0.2518
       8.7500    0.41669E-01      2.8631    0.98840E-02      0.2398
       8.8000    0.41534E-01      2.8601    0.98589E-02      0.2278
       8.8500    0.41398E-01      2.8571    0.98335E-02      0.2159
       8.9000    0.41260E-01      2.8541    0.98079E-02      0.2040
       8.9500    0.41121E-01      2.8511    0.97820E-02      0.1921
       9.0000    0.40981E-01      2.8481    0.97560E-02      0.1803
       9.0500    0.40840E-01      2.8450    0.97298E-02      0.1686
       9.1000    0.40698E-01      2.8420    0.97033E-02      0.1568
       9.1500    0.40555E-01      2.8389    0.96768E-02      0.1451
       9.2000    0.40412E-01      2.8358    0.96501E-02      0.1335
       9.2500    0.40268E-01      2.8328    0.96233E-02      0.1219
       9.3000    0.40123E-01      2.8297    0.95964E-02      0.1104
       9.3500    0.39978E-01      2.8265    0.95694E-02      0.0988
       9.4000    0.39833E-01      2.8234    0.95424E-02      0.0874
       9.4500    0.39688E-01      2.8203    0.95153E-02      0.0760
       9.5000    0.39542E-01      2.8171    0.94881E-02      0.0646
       9.5500    0.39397E-01      2.8140    0.94609E-02      0.0533
       9.6000    0.39251E-01      2.8109    0.94336E-02      0.0420
       9.6500    0.39105E-01      2.8077    0.94063E-02      0.0308
       9.7000    0.38960E-01      2.8046    0.93789E-02      0.0196
       9.7500    0.38814E-01      2.8014    0.93516E-02      0.0085
       9.8000    0.38669E-01      2.7983    0.93242E-02     -0.0026
       9.8500    0.38524E-01      2.7951    0.92967E-02     -0.0136
       9.9000    0.38379E-01      2.7920    0.92692E-02     -0.0246
       9.9500    0.38234E-01      2.7889    0.92417E-02     -0.0355
      10.0000    0.38088E-01      2.7858    0.92141E-02     -0.0463
      10.0500    0.37943E-01      2.7827    0.91865E-02     -0.0571
      10.1000    0.37798E-01      2.7797    0.91588E-02     -0.0679
      10.1500    0.37653E-01      2.7766    0.91310E-02     -0.0785
      10.2000    0.37508E-01      2.7736    0.91032E-02     -0.0892
      10.2500    0.37363E-01      2.7706    0.90752E-02     -0.0997
      10.3000    0.37217E-01      2.7676    0.90472E-02     -0.1102
      10.3500    0.37071E-01      2.7646    0.90191E-02     -0.1207
      10.4000    0.36925E-01      2.7616    0.89909E-02     -0.1311
      10.4500    0.36779E-01      2.7587    0.89626E-02     -0.1414
      10.5000    0.36632E-01      2.7558    0.89341E-02     -0.1517
      10.5500    0.36484E-01      2.7529    0.89055E-02     -0.1620
      10.6000    0.36337E-01      2.7500    0.88768E-02     -0.1721
      10.6500    0.36188E-01      2.7471    0.88480E-02     -0.1823
      10.7000    0.36040E-01      2.7442    0.88190E-02     -0.1923
      10.7500    0.35890E-01      2.7414    0.87898E-02     -0.2024
      10.8000    0.35740E-01      2.7386    0.87606E-02     -0.2123
      10.8500    0.35590E-01      2.7358    0.87311E-02     -0.2223
      10.9000    0.35439E-01      2.7330    0.87016E-02     -0.2322
      10.9500    0.35287E-01      2.7302    0.86718E-02     -0.2420
      11.0000    0.35135E-01      2.7274    0.86420E-02     -0.2518
      11.0500    0.34982E-01      2.7246    0.86120E-02     -0.2616
      11.1000    0.34829E-01      2.7218    0.85819E-02     -0.2713
      11.1500    0.34676E-01      2.7190    0.85516E-02     -0.2810
      11.2000    0.34522E-01      2.7163    0.85212E-02     -0.2906
      11.2500    0.34367E-01      2.7135    0.84907E-02     -0.3002
      11.3000    0.34212E-01      2.7107    0.84601E-02     -0.3098
      11.3500    0.34058E-01      2.7079    0.84294E-02     -0.3193
      11.4000    0.33902E-01      2.7051    0.83986E-02     -0.3288
      11.4500    0.33747E-01      2.7023    0.83678E-02     -0.3383
      11.5000    0.33592E-01      2.6995    0.83369E-02     -0.3478
      11.5500    0.33436E-01      2.6967    0.83059E-02     -0.3572
      11.6000    0.33281E-01      2.6939    0.82749E-02     -0.3666
      11.6500    0.33126E-01      2.6911    0.82438E-02     -0.3759
      11.7000    0.32971E-01      2.6883    0.82127E-02     -0.3853
      11.7500    0.32816E-01      2.6855    0.81817E-02     -0.3946
      11.8000    0.32662E-01      2.6826    0.81506E-02     -0.4039
      11.8500    0.32507E-01      2.6798    0.81195E-02     -0.4131
      11.9000    0.32354E-01      2.6770    0.80885E-02     -0.4223
      11.9500    0.32200E-01      2.6741    0.80575E-02     -0.4315
      12.0000    0.32048E-01      2.6713    0.80265E-02     -0.4407
      12.0500    0.31895E-01      2.6684    0.79956E-02     -0.4498
      12.1000    0.31743E-01      2.6656    0.79647E-02     -0.4590
      12.1500    0.31592E-01      2.6627    0.79339E-02     -0.4680
      12.2000    0.31441E-01      2.6599    0.79032E-02     -0.4771
      12.2500    0.31291E-01      2.6571    0.78726E-02     -0.4861
      12.3000    0.31141E-01      2.6542    0.78420E-02     -0.4951
      12.3500    0.30992E-01      2.6514    0.78116E-02     -0.5041
      12.4000    0.30844E-01      2.6486    0.77811E-02     -0.5130
      12.4500    0.30696E-01      2.6458    0.77509E-02     -0.5219
      12.5000    0.30549E-01      2.6430    0.77207E-02     -0.5307
      12.5500    0.30402E-01      2.6402    0.76905E-02     -0.5396
      12.6000    0.30256E-01      2.6375    0.76605E-02     -0.5483
      12.6500    0.30110E-01      2.6347    0.76305E-02     -0.5571
      12.7000    0.29964E-01      2.6320    0.76006E-02     -0.5658
      12.7500    0.29819E-01      2.6293    0.75708E-02     -0.5745
      12.8000    0.29675E-01      2.6266    0.75411E-02     -0.5831
      12.8500    0.29530E-01      2.6239    0.75114E-02     -0.5917
      12.9000    0.29387E-01      2.6212    0.74818E-02     -0.6003
      12.9500    0.29243E-01      2.6185    0.74523E-02     -0.6088
      13.0000    0.29100E-01      2.6159    0.74228E-02     -0.6173
      13.0500    0.28957E-01      2.6133    0.73933E-02     -0.6257
      13.1000    0.28814E-01      2.6106    0.73639E-02     -0.6341
      13.1500    0.28671E-01      2.6080    0.73345E-02     -0.6425
      13.2000    0.28529E-01      2.6054    0.73052E-02     -0.6508
      13.2500    0.28386E-01      2.6029    0.72759E-02     -0.6591
      13.3000    0.28244E-01      2.6003    0.72466E-02     -0.6674
      13.3500    0.28100E-01      2.5974    0.72162E-02     -0.6758
      13.4000    0.27959E-01      2.5949    0.71871E-02     -0.6840
      13.4500    0.27817E-01      2.5923    0.71579E-02     -0.6922
      13.5000    0.27676E-01      2.5898    0.71287E-02     -0.7003
      13.5500    0.27536E-01      2.5872    0.70996E-02     -0.7084
      13.6000    0.27395E-01      2.5847    0.70705E-02     -0.7164
      13.6500    0.27255E-01      2.5822    0.70414E-02     -0.7245
      13.7000    0.27114E-01      2.5797    0.70123E-02     -0.7325
      13.7500    0.26975E-01      2.5772    0.69832E-02     -0.7404
      13.8000    0.26835E-01      2.5747    0.69541E-02     -0.7483
      13.8500    0.26695E-01      2.5722    0.69251E-02     -0.7562
      13.9000    0.26556E-01      2.5697    0.68960E-02     -0.7641
      13.9500    0.26417E-01      2.5671    0.68670E-02     -0.7719
      14.0000    0.26279E-01      2.5646    0.68379E-02     -0.7798
      14.0500    0.26140E-01      2.5621    0.68089E-02     -0.7876
      14.1000    0.26002E-01      2.5596    0.67799E-02     -0.7953
      14.1500    0.25865E-01      2.5571    0.67510E-02     -0.8031
      14.2000    0.25728E-01      2.5546    0.67220E-02     -0.8108
      14.2500    0.25592E-01      2.5521    0.66931E-02     -0.8185
      14.3000    0.25456E-01      2.5495    0.66643E-02     -0.8262
      14.3500    0.25320E-01      2.5470    0.66354E-02     -0.8338
      14.4000    0.25186E-01      2.5445    0.66067E-02     -0.8415
      14.4500    0.25051E-01      2.5419    0.65780E-02     -0.8491
      14.5000    0.24918E-01      2.5394    0.65493E-02     -0.8567
      14.5500    0.24785E-01      2.5369    0.65208E-02     -0.8643
      14.6000    0.24653E-01      2.5343    0.64923E-02     -0.8718
      14.6500    0.24521E-01      2.5318    0.64639E-02     -0.8794
      14.7000    0.24390E-01      2.5292    0.64356E-02     -0.8869
      14.7500    0.24260E-01      2.5267    0.64074E-02     -0.8944
      14.8000    0.24131E-01      2.5242    0.63793E-02     -0.9019
      14.8500    0.24002E-01      2.5217    0.63513E-02     -0.9093
      14.9000    0.23874E-01      2.5191    0.63234E-02     -0.9168
      14.9500    0.23747E-01      2.5166    0.62956E-02     -0.9242
      15.0000    0.23620E-01      2.5141    0.62679E-02     -0.9316
      15.0500    0.23494E-01      2.5116    0.62404E-02     -0.9390
      15.1000    0.23369E-01      2.5091    0.62129E-02     -0.9464
      15.1500    0.23245E-01      2.5067    0.61856E-02     -0.9537
      15.2000    0.23121E-01      2.5042    0.61585E-02     -0.9610
      15.2500    0.22997E-01      2.5017    0.61314E-02     -0.9683
      15.3000    0.22875E-01      2.4993    0.61045E-02     -0.9756
      15.3500    0.22753E-01      2.4969    0.60777E-02     -0.9829
      15.4000    0.22631E-01      2.4944    0.60510E-02     -0.9901
      15.4500    0.22510E-01      2.4920    0.60244E-02     -0.9973
      15.5000    0.22390E-01      2.4896    0.59979E-02     -1.0045
      15.5500    0.22270E-01      2.4873    0.59716E-02     -1.0116
      15.6000    0.22151E-01      2.4849    0.59454E-02     -1.0187
      15.6500    0.22032E-01      2.4825    0.59193E-02     -1.0258
      15.7000    0.21913E-01      2.4802    0.58933E-02     -1.0329
      15.7500    0.21795E-01      2.4778    0.58674E-02     -1.0399
      15.8000    0.21678E-01      2.4755    0.58416E-02     -1.0469
      15.8500    0.21561E-01      2.4732    0.58158E-02     -1.0539
      15.9000    0.21444E-01      2.4709    0.57902E-02     -1.0608
      15.9500    0.21327E-01      2.4686    0.57647E-02     -1.0678
      16.0000    0.21212E-01      2.4663    0.57392E-02     -1.0747
      16.0500    0.21096E-01      2.4640    0.57138E-02     -1.0815
      16.1000    0.20981E-01      2.4618    0.56885E-02     -1.0884
      16.1500    0.20866E-01      2.4595    0.56633E-02     -1.0952
      16.2000    0.20752E-01      2.4572    0.56381E-02     -1.1019
      16.2500    0.20638E-01      2.4550    0.56130E-02     -1.1087
      16.3000    0.20524E-01      2.4527    0.55880E-02     -1.1154
      16.3500    0.20411E-01      2.4504    0.55630E-02     -1.1221
      16.4000    0.20298E-01      2.4482    0.55381E-02     -1.1288
      16.4500    0.20186E-01      2.4459    0.55133E-02     -1.1355
      16.5000    0.20074E-01      2.4437    0.54884E-02     -1.1421
      16.5500    0.19963E-01      2.4414    0.54637E-02     -1.1487
      16.6000    0.19852E-01      2.4391    0.54390E-02     -1.1553
      16.6500    0.19741E-01      2.4369    0.54144E-02     -1.1619
      16.7000    0.19632E-01      2.4346    0.53898E-02     -1.1685
      16.7500    0.19522E-01      2.4323    0.53653E-02     -1.1750
      16.8000    0.19414E-01      2.4301    0.53409E-02     -1.1815
      16.8500    0.19305E-01      2.4278    0.53165E-02     -1.1880
      16.9000    0.19198E-01      2.4255    0.52922E-02     -1.1945
      16.9500    0.19091E-01      2.4233    0.52680E-02     -1.2010
      17.0000    0.18985E-01      2.4210    0.52438E-02     -1.2075
      17.0500    0.18879E-01      2.4187    0.52198E-02     -1.2139
      17.1000    0.18774E-01      2.4164    0.51958E-02     -1.2203
      17.1500    0.18669E-01      2.4142    0.51718E-02     -1.2267
      17.2000    0.18566E-01      2.4119    0.51480E-02     -1.2331
      17.2500    0.18462E-01      2.4096    0.51243E-02     -1.2395
      17.3000    0.18360E-01      2.4073    0.51007E-02     -1.2459
      17.3500    0.18258E-01      2.4051    0.50771E-02     -1.2523
      17.4000    0.18157E-01      2.4028    0.50537E-02     -1.2586
      17.4500    0.18056E-01      2.4006    0.50304E-02     -1.2650
      17.5000    0.17956E-01      2.3983    0.50071E-02     -1.2713
      17.5500    0.17857E-01      2.3961    0.49840E-02     -1.2776
      17.6000    0.17759E-01      2.3938    0.49610E-02     -1.2839
      17.6500    0.17660E-01      2.3916    0.49381E-02     -1.2902
      17.7000    0.17563E-01      2.3894    0.49154E-02     -1.2964
      17.7500    0.17466E-01      2.3872    0.48927E-02     -1.3027
