   223    26     0     datakind beginning-row multi-curves
-----------------------------------------------------------------
Calculation of photoelectron diffraction and dichroism
MSCD Parallel  Version 1.37 Yufeng Chen and Michel A Van Hove
Lawrence Berkeley National Laboratory (LBNL), Berkeley, CA 94720
Copyright (c) Van Hove Group 1997-1998. All rights reserved
-----------------------------------------------------------------
 angle-resolved photoemission extended fine structure (ARPEFS)
 multiple scattering calculation of Ag(111)-3d
 calculated by Guilherme (IFGW) on Oct  9, 2026

   initial angular momentum (li) = 1   msorder=  8   raorder= 4
   photon polarization angle (polar,azimuth) =(  30.0   0.0 ) (deg)

   radius, depth and lattice constant=  10.0,  20.0 and   4.09 angstrom
   cluster size= 298 atoms and spacings=  0.00  2.17  2.17  1.76 angs
   inner potential=  0.1 V  debye and sample temperature= 174, 300 K
   number of valence electrons=   9     bandgap energy=   0.00 eV
   density of bulk=   8.90 g/cm3     molecular weight=  58.93 amu
   effective weight for kind 1-2 =  107.9   58.9 amu
   half aperture angle=    1.5 deg            pathcut=     0.0050

   photoemission azimuthal scan curves
     parameters: curve point theta phi weightc weighte
     columns: phi intensity background chical chiexp
    19   779    1   19   41  779  ncurve npoint nk ntheta nphi nangle
   1    41  13.63   18.0    1.0    0.0   ----------------------------
  111.0    6.3466e-03    5.8410e-03    8.6556e-02   -1.3333e-02
  114.0    6.4022e-03    5.8410e-03    9.6068e-02   -2.6705e-02
  117.0    6.4565e-03    5.8410e-03    1.0537e-01   -1.1138e-02
  120.0    6.4658e-03    5.8410e-03    1.0696e-01    1.0988e-02
  123.0    6.4551e-03    5.8410e-03    1.0514e-01    1.5717e-02
  126.0    6.3994e-03    5.8410e-03    9.5587e-02    2.5430e-02
  129.0    6.3433e-03    5.8410e-03    8.5996e-02    5.2995e-02
  132.0    6.2626e-03    5.8410e-03    7.2168e-02    5.4504e-02
  135.0    6.1115e-03    5.8410e-03    4.6298e-02    1.1787e-02
  138.0    5.9754e-03    5.8410e-03    2.3003e-02   -2.4085e-02
  141.0    5.8206e-03    5.8410e-03   -3.4905e-03   -4.8855e-02
  144.0    5.5796e-03    5.8410e-03   -4.4760e-02   -1.4787e-02
  147.0    5.3833e-03    5.8410e-03   -7.8366e-02   -2.0491e-02
  150.0    5.3267e-03    5.8410e-03   -8.8055e-02    1.1745e-02
  153.0    5.2176e-03    5.8410e-03   -1.0674e-01   -1.5968e-02
  156.0    5.2191e-03    5.8410e-03   -1.0647e-01   -1.2477e-02
  159.0    5.3671e-03    5.8410e-03   -8.1140e-02   -4.5813e-02
  162.0    5.4400e-03    5.8410e-03   -6.8662e-02   -6.3418e-02
  165.0    5.5857e-03    5.8410e-03   -4.3714e-02   -3.7200e-02
  168.0    5.8095e-03    5.8410e-03   -5.4029e-03   -8.1792e-03
  171.0    5.9207e-03    5.8410e-03    1.3637e-02    2.6642e-02
  174.0    6.0032e-03    5.8410e-03    2.7762e-02    2.0564e-02
  177.0    6.0794e-03    5.8410e-03    4.0804e-02    3.0183e-02
  180.0    6.0684e-03    5.8410e-03    3.8923e-02    7.7510e-02
  183.0    6.0793e-03    5.8410e-03    4.0794e-02    4.6800e-02
  186.0    6.0031e-03    5.8410e-03    2.7740e-02    4.7168e-02
  189.0    5.9205e-03    5.8410e-03    1.3604e-02    1.9678e-02
  192.0    5.8095e-03    5.8410e-03   -5.4050e-03    1.9096e-02
  195.0    5.5857e-03    5.8410e-03   -4.3720e-02   -6.0049e-03
  198.0    5.4401e-03    5.8410e-03   -6.8640e-02   -3.3532e-02
  201.0    5.3674e-03    5.8410e-03   -8.1095e-02   -2.7964e-03
  204.0    5.2194e-03    5.8410e-03   -1.0642e-01   -3.5458e-02
  207.0    5.2178e-03    5.8410e-03   -1.0670e-01   -3.7249e-02
  210.0    5.3268e-03    5.8410e-03   -8.8030e-02   -6.7729e-02
  213.0    5.3833e-03    5.8410e-03   -7.8373e-02   -1.5264e-02
  216.0    5.5794e-03    5.8410e-03   -4.4795e-02   -1.5289e-02
  219.0    5.8203e-03    5.8410e-03   -3.5584e-03    3.4591e-02
  222.0    5.9749e-03    5.8410e-03    2.2923e-02    2.5457e-02
  225.0    6.1110e-03    5.8410e-03    4.6218e-02    3.3885e-02
  228.0    6.2621e-03    5.8410e-03    7.2082e-02    4.5536e-03
  231.0    6.3429e-03    5.8410e-03    8.5912e-02   -1.3528e-02
   2    41  13.63   21.0    1.0    0.0   ----------------------------
  111.0    6.3105e-03    5.9441e-03    6.1648e-02   -7.3413e-02
  114.0    6.2438e-03    5.9441e-03    5.0421e-02    1.8364e-02
  117.0    6.1912e-03    5.9441e-03    4.1576e-02    5.1760e-02
  120.0    6.1581e-03    5.9441e-03    3.6012e-02    6.3395e-02
  123.0    6.1903e-03    5.9441e-03    4.1430e-02    2.5307e-02
  126.0    6.2418e-03    5.9441e-03    5.0090e-02    2.2145e-02
  129.0    6.3073e-03    5.9441e-03    6.1112e-02    1.1997e-02
  132.0    6.3211e-03    5.9441e-03    6.3431e-02    1.2015e-02
  135.0    6.2754e-03    5.9441e-03    5.5737e-02   -7.5110e-03
  138.0    6.1295e-03    5.9441e-03    3.1187e-02   -5.9268e-02
  141.0    5.9022e-03    5.9441e-03   -7.0532e-03   -7.6990e-02
  144.0    5.6754e-03    5.9441e-03   -4.5199e-02   -6.9689e-02
  147.0    5.5109e-03    5.9441e-03   -7.2872e-02   -3.2383e-02
  150.0    5.4286e-03    5.9441e-03   -8.6718e-02   -3.9124e-02
  153.0    5.4234e-03    5.9441e-03   -8.7596e-02   -3.1160e-02
  156.0    5.4781e-03    5.9441e-03   -7.8396e-02   -1.3027e-02
  159.0    5.5930e-03    5.9441e-03   -5.9071e-02    1.0815e-02
  162.0    5.7674e-03    5.9441e-03   -2.9718e-02    2.2556e-02
  165.0    5.9039e-03    5.9441e-03   -6.7536e-03    4.8580e-02
  168.0    5.9507e-03    5.9441e-03    1.1215e-03    7.8555e-02
  171.0    6.0708e-03    5.9441e-03    2.1326e-02    6.9755e-02
  174.0    6.1400e-03    5.9441e-03    3.2959e-02    1.4306e-02
  177.0    6.2013e-03    5.9441e-03    4.3272e-02   -2.7015e-02
  180.0    6.2133e-03    5.9441e-03    4.5296e-02    2.9564e-04
  183.0    6.2012e-03    5.9441e-03    4.3259e-02   -1.2900e-02
  186.0    6.1399e-03    5.9441e-03    3.2937e-02    3.8259e-02
  189.0    6.0707e-03    5.9441e-03    2.1298e-02    3.4685e-02
  192.0    5.9507e-03    5.9441e-03    1.1189e-03    5.2255e-02
  195.0    5.9042e-03    5.9441e-03   -6.7171e-03    1.3629e-02
  198.0    5.7678e-03    5.9441e-03   -2.9654e-02    6.6550e-04
  201.0    5.5931e-03    5.9441e-03   -5.9042e-02    1.3659e-02
  204.0    5.4777e-03    5.9441e-03   -7.8467e-02   -9.9448e-03
  207.0    5.4230e-03    5.9441e-03   -8.7668e-02   -6.9394e-02
  210.0    5.4282e-03    5.9441e-03   -8.6797e-02   -9.4282e-02
  213.0    5.5106e-03    5.9441e-03   -7.2931e-02   -6.0676e-02
  216.0    5.6752e-03    5.9441e-03   -4.5228e-02   -3.0548e-02
  219.0    5.9022e-03    5.9441e-03   -7.0503e-03    1.4995e-02
  222.0    6.1297e-03    5.9441e-03    3.1222e-02   -1.6832e-03
  225.0    6.2757e-03    5.9441e-03    5.5793e-02    2.1609e-02
  228.0    6.3215e-03    5.9441e-03    6.3501e-02    1.8540e-02
  231.0    6.3078e-03    5.9441e-03    6.1184e-02    5.1096e-02
   3    41  13.63   24.0    1.0    0.0   ----------------------------
  111.0    7.1236e-03    6.3796e-03    1.1662e-01   -1.2490e-02
  114.0    6.9363e-03    6.3796e-03    8.7268e-02   -3.7491e-03
  117.0    6.7332e-03    6.3796e-03    5.5417e-02    8.2344e-03
  120.0    6.6619e-03    6.3796e-03    4.4252e-02    2.8238e-02
  123.0    6.7336e-03    6.3796e-03    5.5488e-02    1.0912e-02
  126.0    6.9344e-03    6.3796e-03    8.6968e-02    1.0955e-03
  129.0    7.1201e-03    6.3796e-03    1.1608e-01    6.1878e-03
  132.0    7.1529e-03    6.3796e-03    1.2122e-01    3.4016e-02
  135.0    7.0995e-03    6.3796e-03    1.1285e-01    4.1323e-02
  138.0    6.8622e-03    6.3796e-03    7.5639e-02   -1.7176e-03
  141.0    6.4806e-03    6.3796e-03    1.5829e-02   -5.2437e-02
  144.0    6.0912e-03    6.3796e-03   -4.5213e-02   -7.5042e-02
  147.0    5.7799e-03    6.3796e-03   -9.3998e-02   -5.9561e-02
  150.0    5.5900e-03    6.3796e-03   -1.2377e-01   -3.3071e-02
  153.0    5.5987e-03    6.3796e-03   -1.2240e-01   -3.7705e-02
  156.0    5.6384e-03    6.3796e-03   -1.1619e-01   -1.3808e-02
  159.0    5.8106e-03    6.3796e-03   -8.9196e-02   -3.6766e-03
  162.0    6.0255e-03    6.3796e-03   -5.5514e-02    2.5569e-02
  165.0    6.2677e-03    6.3796e-03   -1.7540e-02    1.2107e-02
  168.0    6.3645e-03    6.3796e-03   -2.3671e-03    1.1047e-02
  171.0    6.4398e-03    6.3796e-03    9.4346e-03    2.0907e-02
  174.0    6.4064e-03    6.3796e-03    4.1989e-03    4.0032e-02
  177.0    6.3398e-03    6.3796e-03   -6.2358e-03    5.1903e-02
  180.0    6.3037e-03    6.3796e-03   -1.1897e-02    6.6655e-02
  183.0    6.3396e-03    6.3796e-03   -6.2715e-03    4.9621e-02
  186.0    6.4062e-03    6.3796e-03    4.1652e-03    4.4424e-02
  189.0    6.4399e-03    6.3796e-03    9.4475e-03    3.1874e-03
  192.0    6.3650e-03    6.3796e-03   -2.2950e-03    5.5329e-03
  195.0    6.2681e-03    6.3796e-03   -1.7481e-02   -1.3050e-02
  198.0    6.0253e-03    6.3796e-03   -5.5540e-02   -3.5530e-03
  201.0    5.8101e-03    6.3796e-03   -8.9269e-02   -3.3395e-02
  204.0    5.6378e-03    6.3796e-03   -1.1628e-01   -5.9305e-02
  207.0    5.5981e-03    6.3796e-03   -1.2250e-01   -8.9953e-02
  210.0    5.5901e-03    6.3796e-03   -1.2375e-01   -5.4632e-02
  213.0    5.7801e-03    6.3796e-03   -9.3969e-02   -4.5909e-02
  216.0    6.0920e-03    6.3796e-03   -4.5087e-02   -1.0786e-02
  219.0    6.4813e-03    6.3796e-03    1.5947e-02   -5.8877e-03
  222.0    6.8625e-03    6.3796e-03    7.5687e-02    7.6230e-02
  225.0    7.0998e-03    6.3796e-03    1.1288e-01    8.7268e-02
  228.0    7.1531e-03    6.3796e-03    1.2125e-01    4.8655e-02
  231.0    7.1206e-03    6.3796e-03    1.1614e-01   -6.3132e-02
   4    41  13.63   27.0    1.0    0.0   ----------------------------
  111.0    7.8299e-03    7.0893e-03    1.0446e-01    2.4692e-02
  114.0    7.6260e-03    7.0893e-03    7.5703e-02   -1.9055e-03
  117.0    7.4605e-03    7.0893e-03    5.2366e-02    2.6585e-03
  120.0    7.4143e-03    7.0893e-03    4.5847e-02   -2.3271e-03
  123.0    7.4601e-03    7.0893e-03    5.2301e-02    1.8172e-02
  126.0    7.6259e-03    7.0893e-03    7.5696e-02   -1.2133e-02
  129.0    7.8279e-03    7.0893e-03    1.0418e-01   -1.4493e-03
  132.0    7.9272e-03    7.0893e-03    1.1819e-01   -4.7537e-03
  135.0    8.0250e-03    7.0893e-03    1.3199e-01    1.7658e-02
  138.0    7.8580e-03    7.0893e-03    1.0843e-01    1.9383e-03
  141.0    7.4676e-03    7.0893e-03    5.3356e-02   -2.0774e-02
  144.0    6.8583e-03    7.0893e-03   -3.2592e-02   -1.8127e-02
  147.0    6.2091e-03    7.0893e-03   -1.2416e-01   -3.3409e-02
  150.0    5.7731e-03    7.0893e-03   -1.8566e-01   -3.8623e-02
  153.0    5.7175e-03    7.0893e-03   -1.9351e-01   -8.6046e-02
  156.0    5.8862e-03    7.0893e-03   -1.6971e-01   -6.4417e-02
  159.0    6.2337e-03    7.0893e-03   -1.2069e-01   -2.8085e-03
  162.0    6.6062e-03    7.0893e-03   -6.8143e-02    5.7834e-02
  165.0    6.9099e-03    7.0893e-03   -2.5314e-02    7.5508e-02
  168.0    7.1265e-03    7.0893e-03    5.2510e-03    7.6232e-02
  171.0    7.3260e-03    7.0893e-03    3.3386e-02    4.3822e-02
  174.0    7.4583e-03    7.0893e-03    5.2043e-02    3.0243e-02
  177.0    7.5987e-03    7.0893e-03    7.1851e-02   -2.2376e-02
  180.0    7.6233e-03    7.0893e-03    7.5327e-02   -2.2643e-02
  183.0    7.5985e-03    7.0893e-03    7.1820e-02    5.3222e-03
  186.0    7.4581e-03    7.0893e-03    5.2021e-02    6.6250e-03
  189.0    7.3279e-03    7.0893e-03    3.3653e-02    4.4753e-02
  192.0    7.1268e-03    7.0893e-03    5.2875e-03    2.9540e-02
  195.0    6.9099e-03    7.0893e-03   -2.5302e-02    3.9787e-02
  198.0    6.6059e-03    7.0893e-03   -6.8187e-02    2.5561e-02
  201.0    6.2333e-03    7.0893e-03   -1.2075e-01   -1.4008e-02
  204.0    5.8862e-03    7.0893e-03   -1.6971e-01   -4.4771e-03
  207.0    5.7179e-03    7.0893e-03   -1.9345e-01   -5.3857e-02
  210.0    5.7739e-03    7.0893e-03   -1.8555e-01   -7.3017e-02
  213.0    6.2099e-03    7.0893e-03   -1.2405e-01   -8.9817e-02
  216.0    6.8588e-03    7.0893e-03   -3.2519e-02   -5.8950e-02
  219.0    7.4677e-03    7.0893e-03    5.3369e-02    4.3706e-03
  222.0    7.8579e-03    7.0893e-03    1.0841e-01    1.5420e-02
  225.0    8.0248e-03    7.0893e-03    1.3196e-01    2.7836e-02
  228.0    7.9272e-03    7.0893e-03    1.1819e-01    2.4525e-02
  231.0    7.8281e-03    7.0893e-03    1.0421e-01    5.3769e-02
   5    41  13.63   30.0    1.0    0.0   ----------------------------
  111.0    8.1751e-03    7.7211e-03    5.8799e-02   -2.5039e-02
  114.0    7.6878e-03    7.7211e-03   -4.3129e-03   -3.7031e-03
  117.0    7.4224e-03    7.7211e-03   -3.8695e-02    7.7065e-03
  120.0    7.3416e-03    7.7211e-03   -4.9157e-02    4.2303e-03
  123.0    7.4218e-03    7.7211e-03   -3.8773e-02    1.2450e-02
  126.0    7.7241e-03    7.7211e-03    3.7837e-04    1.0414e-02
  129.0    8.1719e-03    7.7211e-03    5.8383e-02    1.7261e-02
  132.0    8.5090e-03    7.7211e-03    1.0203e-01    2.8846e-02
  135.0    8.7573e-03    7.7211e-03    1.3420e-01    4.3241e-02
  138.0    8.7039e-03    7.7211e-03    1.2729e-01    4.2917e-02
  141.0    8.2450e-03    7.7211e-03    6.7853e-02    7.0368e-03
  144.0    7.4320e-03    7.7211e-03   -3.7450e-02   -3.7225e-02
  147.0    6.5519e-03    7.7211e-03   -1.5143e-01   -8.0628e-02
  150.0    6.1231e-03    7.7211e-03   -2.0697e-01   -7.3895e-02
  153.0    5.9507e-03    7.7211e-03   -2.2930e-01   -6.6122e-02
  156.0    6.4759e-03    7.7211e-03   -1.6128e-01   -3.3449e-02
  159.0    7.1147e-03    7.7211e-03   -7.8547e-02   -9.4586e-03
  162.0    7.7191e-03    7.7211e-03   -2.6804e-04    2.7946e-02
  165.0    7.9896e-03    7.7211e-03    3.4773e-02    2.0426e-02
  168.0    8.1171e-03    7.7211e-03    5.1279e-02    1.6024e-02
  171.0    8.1930e-03    7.7211e-03    6.1109e-02    1.2007e-02
  174.0    8.4103e-03    7.7211e-03    8.9253e-02    2.7507e-02
  177.0    8.5783e-03    7.7211e-03    1.1102e-01    2.6511e-02
  180.0    8.7074e-03    7.7211e-03    1.2774e-01    1.3554e-02
  183.0    8.5779e-03    7.7211e-03    1.1096e-01    1.0916e-02
  186.0    8.4101e-03    7.7211e-03    8.9231e-02    1.5062e-02
  189.0    8.1934e-03    7.7211e-03    6.1166e-02    2.5573e-02
  192.0    8.1176e-03    7.7211e-03    5.1350e-02    3.8724e-02
  195.0    7.9894e-03    7.7211e-03    3.4739e-02    4.7334e-02
  198.0    7.7182e-03    7.7211e-03   -3.8034e-04    3.4943e-02
  201.0    7.1139e-03    7.7211e-03   -7.8642e-02    1.6305e-02
  204.0    6.4759e-03    7.7211e-03   -1.6128e-01   -2.7231e-02
  207.0    5.9514e-03    7.7211e-03   -2.2921e-01   -6.2070e-02
  210.0    6.1238e-03    7.7211e-03   -2.0688e-01   -8.4085e-02
  213.0    6.5519e-03    7.7211e-03   -1.5143e-01   -6.7745e-02
  216.0    7.4313e-03    7.7211e-03   -3.7534e-02   -3.5937e-02
  219.0    8.2444e-03    7.7211e-03    6.7773e-02    3.7936e-03
  222.0    8.7038e-03    7.7211e-03    1.2727e-01    1.3640e-02
  225.0    8.7577e-03    7.7211e-03    1.3425e-01    3.8415e-02
  228.0    8.5099e-03    7.7211e-03    1.0215e-01    2.7588e-02
  231.0    8.1730e-03    7.7211e-03    5.8528e-02    1.6307e-02
   6    41  13.63   33.0    1.0    0.0   ----------------------------
  111.0    7.9974e-03    7.5206e-03    6.3397e-02    9.4909e-03
  114.0    7.5871e-03    7.5206e-03    8.8410e-03   -2.1051e-02
  117.0    7.1827e-03    7.5206e-03   -4.4926e-02   -7.7975e-03
  120.0    6.9316e-03    7.5206e-03   -7.8317e-02    1.4761e-02
  123.0    7.1833e-03    7.5206e-03   -4.4848e-02    4.2367e-02
  126.0    7.6253e-03    7.5206e-03    1.3927e-02    3.3946e-02
  129.0    7.9996e-03    7.5206e-03    6.3697e-02    3.4094e-02
  132.0    8.3527e-03    7.5206e-03    1.1065e-01   -1.3862e-03
  135.0    8.3244e-03    7.5206e-03    1.0688e-01   -1.1130e-02
  138.0    8.1305e-03    7.5206e-03    8.1093e-02   -3.2220e-02
  141.0    7.5291e-03    7.5206e-03    1.1380e-03   -1.5164e-02
  144.0    6.7939e-03    7.5206e-03   -9.6622e-02   -5.1957e-02
  147.0    6.2751e-03    7.5206e-03   -1.6562e-01   -5.9681e-02
  150.0    5.8638e-03    7.5206e-03   -2.2030e-01   -6.8588e-02
  153.0    5.8086e-03    7.5206e-03   -2.2764e-01   -3.8589e-02
  156.0    6.1729e-03    7.5206e-03   -1.7920e-01   -6.3267e-03
  159.0    6.9561e-03    7.5206e-03   -7.5055e-02    4.8693e-03
  162.0    7.6381e-03    7.5206e-03    1.5630e-02    9.8899e-03
  165.0    7.9616e-03    7.5206e-03    5.8641e-02    2.0725e-02
  168.0    8.1884e-03    7.5206e-03    8.8795e-02    1.4746e-02
  171.0    8.2630e-03    7.5206e-03    9.8714e-02    3.7918e-02
  174.0    8.4859e-03    7.5206e-03    1.2835e-01    2.8539e-02
  177.0    8.7477e-03    7.5206e-03    1.6316e-01    4.7724e-02
  180.0    8.8506e-03    7.5206e-03    1.7686e-01    4.3469e-02
  183.0    8.7479e-03    7.5206e-03    1.6319e-01    5.1377e-02
  186.0    8.4858e-03    7.5206e-03    1.2835e-01    4.3641e-02
  189.0    8.2629e-03    7.5206e-03    9.8703e-02    2.8613e-02
  192.0    8.1886e-03    7.5206e-03    8.8822e-02    2.4612e-02
  195.0    7.9615e-03    7.5206e-03    5.8625e-02    1.4749e-02
  198.0    7.6376e-03    7.5206e-03    1.5556e-02   -3.5443e-03
  201.0    6.9561e-03    7.5206e-03   -7.5056e-02   -2.6282e-02
  204.0    6.1738e-03    7.5206e-03   -1.7908e-01   -4.6665e-02
  207.0    5.8097e-03    7.5206e-03   -2.2750e-01   -5.0691e-02
  210.0    5.8641e-03    7.5206e-03   -2.2025e-01   -6.4202e-02
  213.0    6.2748e-03    7.5206e-03   -1.6565e-01   -6.1280e-02
  216.0    6.7937e-03    7.5206e-03   -9.6653e-02   -4.6884e-02
  219.0    7.5296e-03    7.5206e-03    1.1951e-03   -2.3413e-02
  222.0    8.1314e-03    7.5206e-03    8.1225e-02    3.3600e-03
  225.0    8.3253e-03    7.5206e-03    1.0700e-01    3.1216e-02
  228.0    8.3529e-03    7.5206e-03    1.1067e-01    4.9272e-02
  231.0    7.9990e-03    7.5206e-03    6.3613e-02    4.7860e-02
   7    41  13.63   36.0    1.0    0.0   ----------------------------
  111.0    7.6365e-03    6.8190e-03    1.1989e-01    2.5849e-02
  114.0    7.2908e-03    6.8190e-03    6.9192e-02    4.0106e-03
  117.0    6.7637e-03    6.8190e-03   -8.1117e-03   -1.0516e-02
  120.0    6.5071e-03    6.8190e-03   -4.5730e-02   -8.2474e-03
  123.0    6.7677e-03    6.8190e-03   -7.5260e-03   -7.2891e-03
  126.0    7.2957e-03    6.8190e-03    6.9905e-02    1.5227e-02
  129.0    7.6396e-03    6.8190e-03    1.2034e-01    3.3361e-02
  132.0    7.4546e-03    6.8190e-03    9.3207e-02    2.9180e-02
  135.0    7.2291e-03    6.8190e-03    6.0144e-02   -5.0403e-04
  138.0    6.8061e-03    6.8190e-03   -1.8927e-03   -2.2137e-02
  141.0    6.4454e-03    6.8190e-03   -5.4789e-02   -2.8610e-02
  144.0    6.0883e-03    6.8190e-03   -1.0716e-01   -2.9272e-02
  147.0    5.7538e-03    6.8190e-03   -1.5622e-01   -2.4359e-02
  150.0    5.6968e-03    6.8190e-03   -1.6457e-01   -4.1173e-02
  153.0    5.4423e-03    6.8190e-03   -2.0190e-01   -6.5249e-02
  156.0    5.5861e-03    6.8190e-03   -1.8080e-01   -7.1382e-02
  159.0    6.0151e-03    6.8190e-03   -1.1790e-01   -5.7281e-02
  162.0    6.5526e-03    6.8190e-03   -3.9068e-02   -1.4044e-02
  165.0    7.1868e-03    6.8190e-03    5.3934e-02    2.0593e-02
  168.0    7.4487e-03    6.8190e-03    9.2350e-02    6.5874e-02
  171.0    7.7640e-03    6.8190e-03    1.3859e-01    8.3510e-02
  174.0    7.8248e-03    6.8190e-03    1.4750e-01    9.7499e-02
  177.0    7.8475e-03    6.8190e-03    1.5083e-01    6.7722e-02
  180.0    7.7587e-03    6.8190e-03    1.3781e-01    6.3434e-02
  183.0    7.8474e-03    6.8190e-03    1.5082e-01    4.0195e-02
  186.0    7.8246e-03    6.8190e-03    1.4747e-01    2.5301e-02
  189.0    7.7642e-03    6.8190e-03    1.3862e-01    9.2320e-03
  192.0    7.4493e-03    6.8190e-03    9.2434e-02    1.4814e-03
  195.0    7.1869e-03    6.8190e-03    5.3962e-02   -2.0484e-02
  198.0    6.5520e-03    6.8190e-03   -3.9156e-02   -3.5781e-02
  201.0    6.0147e-03    6.8190e-03   -1.1795e-01   -4.3690e-02
  204.0    5.5866e-03    6.8190e-03   -1.8073e-01   -3.6224e-02
  207.0    5.4427e-03    6.8190e-03   -2.0184e-01   -3.3061e-02
  210.0    5.6964e-03    6.8190e-03   -1.6462e-01   -5.2335e-02
  213.0    5.7530e-03    6.8190e-03   -1.5632e-01   -3.4788e-02
  216.0    6.0879e-03    6.8190e-03   -1.0722e-01   -3.1433e-02
  219.0    6.4455e-03    6.8190e-03   -5.4770e-02   -2.6089e-02
  222.0    6.8059e-03    6.8190e-03   -1.9218e-03   -1.1739e-02
  225.0    7.2285e-03    6.8190e-03    6.0060e-02    1.5708e-02
  228.0    7.4533e-03    6.8190e-03    9.3028e-02    5.0599e-02
  231.0    7.6379e-03    6.8190e-03    1.2009e-01    5.7604e-02
   8    41  13.63   39.0    1.0    0.0   ----------------------------
  111.0    6.9077e-03    6.4469e-03    7.1478e-02    1.7847e-02
  114.0    7.4359e-03    6.4469e-03    1.5341e-01   -9.3399e-03
  117.0    7.7701e-03    6.4469e-03    2.0525e-01   -1.6765e-02
  120.0    7.9433e-03    6.4469e-03    2.3211e-01    1.8341e-02
  123.0    7.7727e-03    6.4469e-03    2.0565e-01    3.0571e-02
  126.0    7.4405e-03    6.4469e-03    1.5412e-01    2.4047e-02
  129.0    6.9128e-03    6.4469e-03    7.2266e-02    2.1677e-02
  132.0    6.2654e-03    6.4469e-03   -2.8145e-02    2.9775e-03
  135.0    5.7200e-03    6.4469e-03   -1.1275e-01   -1.3795e-02
  138.0    5.6838e-03    6.4469e-03   -1.1837e-01   -3.6654e-02
  141.0    5.7780e-03    6.4469e-03   -1.0376e-01   -4.3589e-02
  144.0    6.0122e-03    6.4469e-03   -6.7435e-02   -9.9646e-03
  147.0    6.1178e-03    6.4469e-03   -5.1047e-02   -1.3753e-02
  150.0    5.8175e-03    6.4469e-03   -9.7627e-02   -1.0269e-02
  153.0    5.5046e-03    6.4469e-03   -1.4617e-01   -5.6565e-02
  156.0    5.2518e-03    6.4469e-03   -1.8538e-01   -5.7653e-02
  159.0    5.2045e-03    6.4469e-03   -1.9272e-01   -7.1992e-02
  162.0    5.5781e-03    6.4469e-03   -1.3476e-01   -3.5269e-02
  165.0    6.0648e-03    6.4469e-03   -5.9271e-02   -1.0877e-02
  168.0    6.6088e-03    6.4469e-03    2.5107e-02    1.1352e-02
  171.0    7.1192e-03    6.4469e-03    1.0428e-01    5.1463e-02
  174.0    7.6877e-03    6.4469e-03    1.9246e-01    9.3086e-02
  177.0    8.0934e-03    6.4469e-03    2.5540e-01    1.2506e-01
  180.0    8.2163e-03    6.4469e-03    2.7446e-01    1.0631e-01
  183.0    8.0934e-03    6.4469e-03    2.5540e-01    7.5735e-02
  186.0    7.6876e-03    6.4469e-03    1.9245e-01    3.6145e-02
  189.0    7.1193e-03    6.4469e-03    1.0430e-01    2.6449e-02
  192.0    6.6087e-03    6.4469e-03    2.5101e-02    1.5969e-02
  195.0    6.0647e-03    6.4469e-03   -5.9289e-02   -1.1287e-02
  198.0    5.5776e-03    6.4469e-03   -1.3484e-01   -4.4351e-02
  201.0    5.2042e-03    6.4469e-03   -1.9276e-01   -6.9664e-02
  204.0    5.2524e-03    6.4469e-03   -1.8528e-01   -6.2000e-02
  207.0    5.5052e-03    6.4469e-03   -1.4606e-01   -5.6913e-02
  210.0    5.8175e-03    6.4469e-03   -9.7629e-02   -5.4021e-02
  213.0    6.1175e-03    6.4469e-03   -5.1102e-02   -4.3780e-02
  216.0    6.0124e-03    6.4469e-03   -6.7389e-02   -3.1164e-02
  219.0    5.7785e-03    6.4469e-03   -1.0367e-01   -2.1344e-02
  222.0    5.6841e-03    6.4469e-03   -1.1832e-01   -3.0451e-03
  225.0    5.7196e-03    6.4469e-03   -1.1282e-01    1.3533e-02
  228.0    6.2635e-03    6.4469e-03   -2.8444e-02    4.0257e-02
  231.0    6.9097e-03    6.4469e-03    7.1790e-02    7.3877e-02
   9    41  13.63   42.0    1.0    0.0   ----------------------------
  111.0    5.9484e-03    6.0458e-03   -1.6107e-02   -5.5523e-02
  114.0    7.1879e-03    6.0458e-03    1.8892e-01   -6.9952e-03
  117.0    7.9866e-03    6.0458e-03    3.2103e-01    3.4766e-02
  120.0    8.3088e-03    6.0458e-03    3.7431e-01    6.2760e-02
  123.0    7.9838e-03    6.0458e-03    3.2056e-01    6.0475e-02
  126.0    7.1874e-03    6.0458e-03    1.8883e-01    2.5757e-02
  129.0    5.9477e-03    6.0458e-03   -1.6223e-02   -4.2905e-03
  132.0    4.9642e-03    6.0458e-03   -1.7889e-01   -4.4725e-02
  135.0    4.5449e-03    6.0458e-03   -2.4825e-01   -3.9915e-02
  138.0    4.8002e-03    6.0458e-03   -2.0603e-01   -5.1954e-02
  141.0    5.4359e-03    6.0458e-03   -1.0087e-01   -2.5289e-02
  144.0    6.1454e-03    6.0458e-03    1.6484e-02   -3.1381e-03
  147.0    6.5417e-03    6.0458e-03    8.2029e-02    2.3573e-02
  150.0    6.5750e-03    6.0458e-03    8.7536e-02    3.1621e-02
  153.0    6.0640e-03    6.0458e-03    3.0223e-03    8.0494e-03
  156.0    5.3360e-03    6.0458e-03   -1.1739e-01   -1.2051e-02
  159.0    4.8306e-03    6.0458e-03   -2.0099e-01   -4.4419e-02
  162.0    4.5717e-03    6.0458e-03   -2.4382e-01   -6.8277e-02
  165.0    4.7579e-03    6.0458e-03   -2.1303e-01   -7.4540e-02
  168.0    5.2602e-03    6.0458e-03   -1.2994e-01   -5.4030e-02
  171.0    6.1508e-03    6.0458e-03    1.7374e-02   -7.9013e-04
  174.0    7.3399e-03    6.0458e-03    2.1405e-01    5.0250e-02
  177.0    8.1354e-03    6.0458e-03    3.4563e-01    9.8171e-02
  180.0    8.4759e-03    6.0458e-03    4.0195e-01    1.2273e-01
  183.0    8.1360e-03    6.0458e-03    3.4574e-01    1.1448e-01
  186.0    7.3394e-03    6.0458e-03    2.1398e-01    7.0593e-02
  189.0    6.1505e-03    6.0458e-03    1.7328e-02    1.3646e-02
  192.0    5.2603e-03    6.0458e-03   -1.2991e-01   -2.5541e-02
  195.0    4.7581e-03    6.0458e-03   -2.1299e-01   -5.1623e-02
  198.0    4.5718e-03    6.0458e-03   -2.4381e-01   -5.9106e-02
  201.0    4.8303e-03    6.0458e-03   -2.0104e-01   -6.3265e-02
  204.0    5.3364e-03    6.0458e-03   -1.1733e-01   -3.3498e-02
  207.0    6.0645e-03    6.0458e-03    3.1050e-03   -1.5428e-02
  210.0    6.5743e-03    6.0458e-03    8.7428e-02    4.5335e-03
  213.0    6.5405e-03    6.0458e-03    8.1835e-02   -1.7918e-03
  216.0    6.1451e-03    6.0458e-03    1.6429e-02   -1.7471e-02
  219.0    5.4362e-03    6.0458e-03   -1.0083e-01   -2.2091e-02
  222.0    4.8002e-03    6.0458e-03   -2.0603e-01   -1.7417e-02
  225.0    4.5446e-03    6.0458e-03   -2.4830e-01    4.5348e-03
  228.0    4.9631e-03    6.0458e-03   -1.7908e-01    2.6046e-02
  231.0    5.9447e-03    6.0458e-03   -1.6719e-02    4.1364e-02
  10    41  13.63   45.0    1.0    0.0   ----------------------------
  111.0    5.2444e-03    5.7093e-03   -8.1436e-02   -5.1333e-02
  114.0    6.5028e-03    5.7093e-03    1.3898e-01   -4.8680e-03
  117.0    7.6520e-03    5.7093e-03    3.4025e-01    5.2641e-02
  120.0    7.9561e-03    5.7093e-03    3.9352e-01    5.7244e-02
  123.0    7.6563e-03    5.7093e-03    3.4102e-01    7.3831e-02
  126.0    6.4998e-03    5.7093e-03    1.3845e-01    1.2707e-02
  129.0    5.2335e-03    5.7093e-03   -8.3354e-02   -2.1424e-02
  132.0    4.5361e-03    5.7093e-03   -2.0549e-01   -8.5646e-02
  135.0    4.3695e-03    5.7093e-03   -2.3468e-01   -7.2264e-02
  138.0    4.8152e-03    5.7093e-03   -1.5661e-01   -4.5088e-02
  141.0    5.4575e-03    5.7093e-03   -4.4119e-02    2.6317e-03
  144.0    6.1654e-03    5.7093e-03    7.9886e-02    1.6458e-02
  147.0    6.7739e-03    5.7093e-03    1.8646e-01    2.8378e-02
  150.0    7.0026e-03    5.7093e-03    2.2651e-01    2.3871e-02
  153.0    6.4186e-03    5.7093e-03    1.2422e-01    5.3816e-03
  156.0    5.5057e-03    5.7093e-03   -3.5671e-02   -1.9821e-02
  159.0    4.7944e-03    5.7093e-03   -1.6025e-01   -4.5555e-02
  162.0    4.2680e-03    5.7093e-03   -2.5246e-01   -3.2011e-02
  165.0    3.8808e-03    5.7093e-03   -3.2027e-01   -3.1929e-02
  168.0    4.1866e-03    5.7093e-03   -2.6672e-01    7.8895e-03
  171.0    5.0887e-03    5.7093e-03   -1.0871e-01    2.0971e-02
  174.0    6.3981e-03    5.7093e-03    1.2064e-01    5.5909e-02
  177.0    7.4721e-03    5.7093e-03    3.0875e-01    4.6220e-02
  180.0    7.8355e-03    5.7093e-03    3.7239e-01    5.9292e-02
  183.0    7.4723e-03    5.7093e-03    3.0879e-01    6.3894e-02
  186.0    6.3978e-03    5.7093e-03    1.2058e-01    5.8331e-02
  189.0    5.0886e-03    5.7093e-03   -1.0872e-01    3.0771e-02
  192.0    4.1869e-03    5.7093e-03   -2.6666e-01   -3.4532e-02
  195.0    3.8810e-03    5.7093e-03   -3.2024e-01   -5.9524e-02
  198.0    4.2678e-03    5.7093e-03   -2.5248e-01   -8.2028e-02
  201.0    4.7940e-03    5.7093e-03   -1.6032e-01   -5.1364e-02
  204.0    5.5064e-03    5.7093e-03   -3.5551e-02   -2.1167e-02
  207.0    6.4200e-03    5.7093e-03    1.2448e-01    1.8470e-03
  210.0    7.0029e-03    5.7093e-03    2.2658e-01    1.8783e-02
  213.0    6.7738e-03    5.7093e-03    1.8645e-01    1.4107e-02
  216.0    6.1656e-03    5.7093e-03    7.9913e-02    9.9425e-03
  219.0    5.4577e-03    5.7093e-03   -4.4084e-02   -8.5234e-03
  222.0    4.8152e-03    5.7093e-03   -1.5661e-01   -2.4272e-02
  225.0    4.3696e-03    5.7093e-03   -2.3466e-01   -2.9116e-02
  228.0    4.5366e-03    5.7093e-03   -2.0541e-01   -2.0694e-03
  231.0    5.2334e-03    5.7093e-03   -8.3361e-02    6.1597e-02
  11    41  13.63   48.0    1.0    0.0   ----------------------------
  111.0    6.0572e-03    5.9599e-03    1.6326e-02   -5.5145e-02
  114.0    6.9211e-03    5.9599e-03    1.6127e-01    1.0323e-03
  117.0    7.7887e-03    5.9599e-03    3.0686e-01    4.1790e-02
  120.0    7.8988e-03    5.9599e-03    3.2533e-01    5.9876e-02
  123.0    7.7741e-03    5.9599e-03    3.0440e-01    4.4919e-02
  126.0    6.9157e-03    5.9599e-03    1.6037e-01    2.4345e-02
  129.0    6.0635e-03    5.9599e-03    1.7381e-02   -2.5239e-03
  132.0    5.4750e-03    5.9599e-03   -8.1359e-02   -2.8956e-02
  135.0    5.0630e-03    5.9599e-03   -1.5048e-01   -3.5614e-02
  138.0    5.1846e-03    5.9599e-03   -1.3008e-01   -2.8166e-02
  141.0    5.7534e-03    5.9599e-03   -3.4650e-02   -2.3371e-02
  144.0    6.1842e-03    5.9599e-03    3.7643e-02   -2.6761e-02
  147.0    6.2179e-03    5.9599e-03    4.3295e-02   -1.9742e-02
  150.0    6.2289e-03    5.9599e-03    4.5138e-02   -2.5240e-02
  153.0    6.0844e-03    5.9599e-03    2.0886e-02   -4.2170e-02
  156.0    5.7675e-03    5.9599e-03   -3.2276e-02   -4.0370e-02
  159.0    5.2785e-03    5.9599e-03   -1.1433e-01   -2.6106e-02
  162.0    4.5507e-03    5.9599e-03   -2.3645e-01   -9.5315e-04
  165.0    4.1662e-03    5.9599e-03   -3.0096e-01   -3.0074e-03
  168.0    4.8247e-03    5.9599e-03   -1.9047e-01    1.3310e-02
  171.0    5.8889e-03    5.9599e-03   -1.1910e-02    4.1871e-02
  174.0    6.9047e-03    5.9599e-03    1.5852e-01    8.4753e-02
  177.0    7.3007e-03    5.9599e-03    2.2498e-01    9.7467e-02
  180.0    7.1244e-03    5.9599e-03    1.9539e-01    8.4553e-02
  183.0    7.3000e-03    5.9599e-03    2.2485e-01    6.5259e-02
  186.0    6.9053e-03    5.9599e-03    1.5863e-01    2.9383e-02
  189.0    5.8888e-03    5.9599e-03   -1.1931e-02   -4.2236e-03
  192.0    4.8246e-03    5.9599e-03   -1.9048e-01   -4.1122e-02
  195.0    4.1665e-03    5.9599e-03   -3.0090e-01   -5.3725e-02
  198.0    4.5512e-03    5.9599e-03   -2.3636e-01   -4.0821e-02
  201.0    5.2786e-03    5.9599e-03   -1.1431e-01   -4.5094e-02
  204.0    5.7677e-03    5.9599e-03   -3.2243e-02   -4.7214e-02
  207.0    6.0854e-03    5.9599e-03    2.1064e-02   -3.8709e-02
  210.0    6.2298e-03    5.9599e-03    4.5291e-02   -1.9988e-02
  213.0    6.2177e-03    5.9599e-03    4.3254e-02    1.6120e-03
  216.0    6.1836e-03    5.9599e-03    3.7529e-02    2.2071e-03
  219.0    5.7533e-03    5.9599e-03   -3.4661e-02   -4.8838e-03
  222.0    5.1856e-03    5.9599e-03   -1.2992e-01    1.3877e-02
  225.0    5.0636e-03    5.9599e-03   -1.5039e-01    3.2935e-04
  228.0    5.4743e-03    5.9599e-03   -8.1470e-02    1.7028e-02
  231.0    6.0626e-03    5.9599e-03    1.7226e-02    3.0666e-02
  12    41  13.63   51.0    1.0    0.0   ----------------------------
  111.0    5.8225e-03    6.1411e-03   -5.1879e-02   -6.4633e-02
  114.0    6.8901e-03    6.1411e-03    1.2197e-01   -1.4734e-02
  117.0    7.4289e-03    6.1411e-03    2.0969e-01    4.6329e-02
  120.0    7.3691e-03    6.1411e-03    1.9996e-01    8.8661e-02
  123.0    7.4387e-03    6.1411e-03    2.1129e-01    6.7248e-02
  126.0    6.8647e-03    6.1411e-03    1.1783e-01    1.8602e-02
  129.0    5.8253e-03    6.1411e-03   -5.1421e-02   -3.8811e-02
  132.0    5.3519e-03    6.1411e-03   -1.2851e-01   -6.0861e-02
  135.0    5.2998e-03    6.1411e-03   -1.3700e-01   -7.1684e-02
  138.0    5.2848e-03    6.1411e-03   -1.3945e-01   -5.4671e-02
  141.0    5.7240e-03    6.1411e-03   -6.7914e-02   -3.3815e-02
  144.0    6.4327e-03    6.1411e-03    4.7474e-02    1.8026e-02
  147.0    7.0338e-03    6.1411e-03    1.4537e-01    3.9391e-02
  150.0    7.3832e-03    6.1411e-03    2.0226e-01    4.7117e-02
  153.0    6.8211e-03    6.1411e-03    1.1073e-01    2.5533e-02
  156.0    6.2416e-03    6.1411e-03    1.6368e-02    3.2233e-02
  159.0    5.7076e-03    6.1411e-03   -7.0585e-02    2.0664e-02
  162.0    5.2054e-03    6.1411e-03   -1.5237e-01    5.0497e-03
  165.0    4.8920e-03    6.1411e-03   -2.0341e-01   -3.4795e-02
  168.0    5.0340e-03    6.1411e-03   -1.8029e-01   -3.9579e-02
  171.0    5.7622e-03    6.1411e-03   -6.1698e-02   -4.5172e-02
  174.0    6.7538e-03    6.1411e-03    9.9771e-02   -2.2517e-02
  177.0    6.8962e-03    6.1411e-03    1.2296e-01   -4.5389e-03
  180.0    6.6729e-03    6.1411e-03    8.6601e-02    3.2704e-02
  183.0    6.8957e-03    6.1411e-03    1.2288e-01    3.8203e-02
  186.0    6.7546e-03    6.1411e-03    9.9905e-02    3.1283e-02
  189.0    5.7620e-03    6.1411e-03   -6.1727e-02   -2.9217e-03
  192.0    5.0335e-03    6.1411e-03   -1.8036e-01   -5.9339e-03
  195.0    4.8922e-03    6.1411e-03   -2.0338e-01   -4.1661e-03
  198.0    5.2061e-03    6.1411e-03   -1.5226e-01   -3.7413e-03
  201.0    5.7085e-03    6.1411e-03   -7.0453e-02   -7.2932e-03
  204.0    6.2417e-03    6.1411e-03    1.6385e-02    1.5785e-02
  207.0    6.8218e-03    6.1411e-03    1.1084e-01    1.3026e-02
  210.0    7.3831e-03    6.1411e-03    2.0224e-01    1.3144e-02
  213.0    7.0311e-03    6.1411e-03    1.4492e-01   -2.4487e-02
  216.0    6.4308e-03    6.1411e-03    4.7170e-02   -1.4661e-03
  219.0    5.7242e-03    6.1411e-03   -6.7882e-02    2.3485e-03
  222.0    5.2858e-03    6.1411e-03   -1.3928e-01   -1.5324e-02
  225.0    5.3009e-03    6.1411e-03   -1.3681e-01   -4.0664e-02
  228.0    5.3524e-03    6.1411e-03   -1.2843e-01   -2.4107e-02
  231.0    5.8247e-03    6.1411e-03   -5.1522e-02    6.0497e-02
  13    41  13.63   54.0    1.0    0.0   ----------------------------
  111.0    5.4981e-03    5.8231e-03   -5.5818e-02   -7.7534e-02
  114.0    6.1001e-03    5.8231e-03    4.7562e-02    5.1769e-03
  117.0    7.0036e-03    5.8231e-03    2.0272e-01    5.6571e-02
  120.0    7.4176e-03    5.8231e-03    2.7381e-01    5.8556e-02
  123.0    6.9715e-03    5.8231e-03    1.9721e-01    4.2650e-02
  126.0    6.1073e-03    5.8231e-03    4.8804e-02    2.0317e-02
  129.0    5.4749e-03    5.8231e-03   -5.9806e-02   -5.7716e-03
  132.0    5.2548e-03    5.8231e-03   -9.7604e-02   -1.5034e-02
  135.0    5.0068e-03    5.8231e-03   -1.4019e-01   -4.6673e-02
  138.0    4.7155e-03    5.8231e-03   -1.9021e-01   -4.1976e-02
  141.0    4.7739e-03    5.8231e-03   -1.8018e-01   -5.2205e-02
  144.0    5.6778e-03    5.8231e-03   -2.4960e-02   -2.8548e-02
  147.0    7.0314e-03    5.8231e-03    2.0749e-01   -1.2979e-04
  150.0    7.4689e-03    5.8231e-03    2.8263e-01    3.5857e-02
  153.0    6.7788e-03    5.8231e-03    1.6411e-01    2.5682e-02
  156.0    5.7409e-03    5.8231e-03   -1.4132e-02    1.0107e-02
  159.0    5.3384e-03    5.8231e-03   -8.3243e-02   -1.9692e-03
  162.0    5.5929e-03    5.8231e-03   -3.9532e-02    6.9814e-03
  165.0    5.6439e-03    5.8231e-03   -3.0778e-02   -2.0606e-02
  168.0    5.4060e-03    5.8231e-03   -7.1643e-02   -2.5322e-02
  171.0    5.2937e-03    5.8231e-03   -9.0921e-02   -1.3468e-02
  174.0    5.3410e-03    5.8231e-03   -8.2799e-02    8.2217e-03
  177.0    6.0116e-03    5.8231e-03    3.2363e-02    3.4279e-02
  180.0    6.5538e-03    5.8231e-03    1.2547e-01    4.6291e-02
  183.0    6.0111e-03    5.8231e-03    3.2278e-02    3.9056e-02
  186.0    5.3414e-03    5.8231e-03   -8.2725e-02   -1.3063e-02
  189.0    5.2934e-03    5.8231e-03   -9.0964e-02   -5.5839e-03
  192.0    5.4057e-03    5.8231e-03   -7.1691e-02    1.1133e-02
  195.0    5.6442e-03    5.8231e-03   -3.0732e-02    2.5480e-02
  198.0    5.5932e-03    5.8231e-03   -3.9485e-02   -7.9629e-03
  201.0    5.3386e-03    5.8231e-03   -8.3204e-02   -3.2604e-02
  204.0    5.7397e-03    5.8231e-03   -1.4338e-02   -5.0582e-02
  207.0    6.7771e-03    5.8231e-03    1.6382e-01   -3.7029e-02
  210.0    7.4676e-03    5.8231e-03    2.8240e-01    5.5596e-03
  213.0    7.0295e-03    5.8231e-03    2.0717e-01    4.0302e-02
  216.0    5.6767e-03    5.8231e-03   -2.5146e-02    2.5473e-02
  219.0    4.7733e-03    5.8231e-03   -1.8030e-01   -9.6613e-03
  222.0    4.7155e-03    5.8231e-03   -1.9021e-01   -1.8747e-02
  225.0    5.0072e-03    5.8231e-03   -1.4011e-01   -2.3360e-02
  228.0    5.2556e-03    5.8231e-03   -9.7472e-02   -3.8827e-03
  231.0    5.4758e-03    5.8231e-03   -5.9643e-02    3.4024e-02
  14    41  13.63   57.0    1.0    0.0   ----------------------------
  111.0    6.2916e-03    5.6703e-03    1.0957e-01    4.9504e-02
  114.0    5.8000e-03    5.6703e-03    2.2873e-02   -1.9227e-03
  117.0    5.7817e-03    5.6703e-03    1.9653e-02   -1.8234e-02
  120.0    5.9602e-03    5.6703e-03    5.1126e-02    2.1163e-03
  123.0    5.7922e-03    5.6703e-03    2.1505e-02    2.0171e-03
  126.0    5.7642e-03    5.6703e-03    1.6570e-02   -1.5184e-02
  129.0    6.3260e-03    5.6703e-03    1.1565e-01   -3.9644e-02
  132.0    6.2092e-03    5.6703e-03    9.5034e-02   -2.6469e-02
  135.0    5.3952e-03    5.6703e-03   -4.8521e-02   -1.0971e-02
  138.0    5.0731e-03    5.6703e-03   -1.0532e-01   -7.3808e-03
  141.0    5.0087e-03    5.6703e-03   -1.1668e-01   -3.7644e-02
  144.0    5.0192e-03    5.6703e-03   -1.1483e-01   -1.6183e-02
  147.0    5.7832e-03    5.6703e-03    1.9907e-02    1.3497e-02
  150.0    6.2228e-03    5.6703e-03    9.7438e-02    5.6186e-02
  153.0    5.6929e-03    5.6703e-03    3.9915e-03    4.6772e-02
  156.0    5.0082e-03    5.6703e-03   -1.1677e-01    1.5214e-02
  159.0    5.2707e-03    5.6703e-03   -7.0476e-02    2.5436e-02
  162.0    5.8599e-03    5.6703e-03    3.3437e-02    1.5196e-02
  165.0    6.1522e-03    5.6703e-03    8.4994e-02    4.0904e-02
  168.0    6.7113e-03    5.6703e-03    1.8360e-01    1.1048e-02
  171.0    6.3943e-03    5.6703e-03    1.2769e-01    8.5931e-03
  174.0    5.1846e-03    5.6703e-03   -8.5656e-02   -2.6763e-02
  177.0    4.7855e-03    5.6703e-03   -1.5604e-01   -2.8086e-02
  180.0    4.9041e-03    5.6703e-03   -1.3512e-01   -4.2992e-02
  183.0    4.7852e-03    5.6703e-03   -1.5610e-01   -3.1181e-02
  186.0    5.1850e-03    5.6703e-03   -8.5576e-02   -1.7250e-02
  189.0    6.3939e-03    5.6703e-03    1.2761e-01    1.3773e-02
  192.0    6.7119e-03    5.6703e-03    1.8371e-01    1.0038e-02
  195.0    6.1525e-03    5.6703e-03    8.5037e-02   -4.1567e-04
  198.0    5.8599e-03    5.6703e-03    3.3444e-02   -2.0845e-02
  201.0    5.2702e-03    5.6703e-03   -7.0566e-02    5.4863e-03
  204.0    5.0080e-03    5.6703e-03   -1.1679e-01    2.9192e-03
  207.0    5.6917e-03    5.6703e-03    3.7794e-03    2.1504e-02
  210.0    6.2209e-03    5.6703e-03    9.7108e-02    1.1891e-02
  213.0    5.7828e-03    5.6703e-03    1.9852e-02    1.5567e-02
  216.0    5.0186e-03    5.6703e-03   -1.1493e-01   -2.2154e-02
  219.0    5.0065e-03    5.6703e-03   -1.1705e-01   -1.3421e-02
  222.0    5.0724e-03    5.6703e-03   -1.0545e-01   -1.5756e-02
  225.0    5.3947e-03    5.6703e-03   -4.8597e-02    1.2266e-02
  228.0    6.2095e-03    5.6703e-03    9.5094e-02    3.5232e-03
  231.0    6.3269e-03    5.6703e-03    1.1581e-01    8.6552e-03
  15    41  13.63   60.0    1.0    0.0   ----------------------------
  111.0    6.1167e-03    5.6623e-03    8.0263e-02    8.2103e-02
  114.0    5.4993e-03    5.6623e-03   -2.8776e-02    5.4280e-03
  117.0    4.7071e-03    5.6623e-03   -1.6869e-01   -5.1579e-02
  120.0    4.4769e-03    5.6623e-03   -2.0934e-01   -7.1985e-02
  123.0    4.7045e-03    5.6623e-03   -1.6915e-01   -6.1908e-02
  126.0    5.5438e-03    5.6623e-03   -2.0922e-02   -2.5408e-02
  129.0    6.1111e-03    5.6623e-03    7.9264e-02   -5.7373e-03
  132.0    5.8457e-03    5.6623e-03    3.2394e-02    1.6919e-02
  135.0    5.7228e-03    5.6623e-03    1.0685e-02    4.0225e-02
  138.0    5.8414e-03    5.6623e-03    3.1641e-02    4.7135e-02
  141.0    5.5475e-03    5.6623e-03   -2.0264e-02    3.8838e-02
  144.0    5.1440e-03    5.6623e-03   -9.1519e-02    1.6332e-02
  147.0    5.4238e-03    5.6623e-03   -4.2112e-02    2.8530e-02
  150.0    6.0020e-03    5.6623e-03    6.0001e-02    8.9473e-03
  153.0    5.8662e-03    5.6623e-03    3.6013e-02   -3.2058e-03
  156.0    5.6221e-03    5.6623e-03   -7.0907e-03   -5.4877e-03
  159.0    6.2145e-03    5.6623e-03    9.7525e-02    2.5588e-02
  162.0    6.6675e-03    5.6623e-03    1.7754e-01    5.7749e-02
  165.0    6.3933e-03    5.6623e-03    1.2911e-01    3.3549e-02
  168.0    6.3022e-03    5.6623e-03    1.1302e-01    1.3210e-02
  171.0    6.0823e-03    5.6623e-03    7.4190e-02   -4.3389e-02
  174.0    5.1080e-03    5.6623e-03   -9.7890e-02   -6.1228e-02
  177.0    4.4995e-03    5.6623e-03   -2.0535e-01   -8.1454e-02
  180.0    4.2786e-03    5.6623e-03   -2.4436e-01   -8.2905e-02
  183.0    4.4991e-03    5.6623e-03   -2.0543e-01   -7.4316e-02
  186.0    5.1085e-03    5.6623e-03   -9.7794e-02   -4.5045e-02
  189.0    6.0824e-03    5.6623e-03    7.4198e-02   -9.1712e-03
  192.0    6.3031e-03    5.6623e-03    1.1317e-01    3.0589e-02
  195.0    6.3939e-03    5.6623e-03    1.2922e-01    5.7499e-02
  198.0    6.6678e-03    5.6623e-03    1.7759e-01    6.3142e-02
  201.0    6.2145e-03    5.6623e-03    9.7533e-02    3.3780e-02
  204.0    5.6223e-03    5.6623e-03   -7.0523e-03    1.5240e-02
  207.0    5.8647e-03    5.6623e-03    3.5759e-02    4.4832e-03
  210.0    6.0443e-03    5.6623e-03    6.7474e-02    1.5213e-02
  213.0    5.4236e-03    5.6623e-03   -4.2152e-02    6.9380e-03
  216.0    5.1441e-03    5.6623e-03   -9.1516e-02    4.5310e-03
  219.0    5.5458e-03    5.6623e-03   -2.0563e-02    1.1376e-02
  222.0    5.8399e-03    5.6623e-03    3.1380e-02    1.9487e-02
  225.0    5.7221e-03    5.6623e-03    1.0576e-02    4.5345e-03
  228.0    5.8452e-03    5.6623e-03    3.2315e-02   -2.1905e-02
  231.0    6.1103e-03    5.6623e-03    7.9120e-02   -3.6503e-02
  16    41  13.63   63.0    1.0    0.0   ----------------------------
  111.0    4.6992e-03    5.5669e-03   -1.5587e-01    3.4503e-02
  114.0    4.5333e-03    5.5669e-03   -1.8568e-01    2.7105e-03
  117.0    4.7143e-03    5.5669e-03   -1.5317e-01   -3.3497e-02
  120.0    4.9915e-03    5.5669e-03   -1.0337e-01   -1.1026e-02
  123.0    4.7705e-03    5.5669e-03   -1.4307e-01   -3.0871e-02
  126.0    4.5196e-03    5.5669e-03   -1.8815e-01   -2.6508e-02
  129.0    4.6646e-03    5.5669e-03   -1.6208e-01   -1.0978e-02
  132.0    5.0035e-03    5.5669e-03   -1.0122e-01    4.4921e-03
  135.0    6.4737e-03    5.5669e-03    1.6289e-01    3.0940e-02
  138.0    7.2340e-03    5.5669e-03    2.9945e-01    2.8810e-02
  141.0    6.0857e-03    5.5669e-03    9.3193e-02    4.8646e-02
  144.0    5.2296e-03    5.5669e-03   -6.0600e-02    1.7058e-02
  147.0    4.7628e-03    5.5669e-03   -1.4445e-01   -2.8525e-02
  150.0    4.7899e-03    5.5669e-03   -1.3958e-01   -5.3470e-02
  153.0    4.9894e-03    5.5669e-03   -1.0374e-01   -2.0044e-02
  156.0    6.2114e-03    5.5669e-03    1.1576e-01    2.9968e-02
  159.0    7.5480e-03    5.5669e-03    3.5586e-01    5.5871e-02
  162.0    8.2245e-03    5.5669e-03    4.7738e-01    6.6924e-02
  165.0    6.7763e-03    5.5669e-03    2.1724e-01    3.1940e-02
  168.0    5.1202e-03    5.5669e-03   -8.0258e-02    1.6563e-02
  171.0    4.6999e-03    5.5669e-03   -1.5575e-01   -2.2301e-02
  174.0    4.8771e-03    5.5669e-03   -1.2393e-01   -2.0118e-02
  177.0    4.9484e-03    5.5669e-03   -1.1110e-01   -4.6966e-02
  180.0    4.7368e-03    5.5669e-03   -1.4911e-01   -2.7549e-02
  183.0    4.9484e-03    5.5669e-03   -1.1112e-01   -5.2924e-02
  186.0    4.8775e-03    5.5669e-03   -1.2385e-01   -5.2781e-02
  189.0    4.7001e-03    5.5669e-03   -1.5572e-01   -5.8630e-02
  192.0    5.1200e-03    5.5669e-03   -8.0291e-02   -2.8886e-02
  195.0    6.7767e-03    5.5669e-03    2.1731e-01    2.8338e-02
  198.0    8.2253e-03    5.5669e-03    4.7752e-01    3.1307e-02
  201.0    7.5475e-03    5.5669e-03    3.5578e-01    2.4804e-02
  204.0    6.2112e-03    5.5669e-03    1.1573e-01   -5.7552e-03
  207.0    4.9892e-03    5.5669e-03   -1.0378e-01    3.2558e-03
  210.0    4.7893e-03    5.5669e-03   -1.3969e-01    1.0419e-02
  213.0    4.7618e-03    5.5669e-03   -1.4463e-01   -7.0099e-03
  216.0    5.2296e-03    5.5669e-03   -6.0601e-02    1.1499e-02
  219.0    6.0872e-03    5.5669e-03    9.3455e-02    5.0039e-02
  222.0    7.2355e-03    5.5669e-03    2.9972e-01    9.7487e-02
  225.0    6.4749e-03    5.5669e-03    1.6309e-01    6.3589e-02
  228.0    5.0031e-03    5.5669e-03   -1.0129e-01   -1.7767e-02
  231.0    4.6637e-03    5.5669e-03   -1.6225e-01   -1.3273e-01
  17    41  13.63   66.0    1.0    0.0   ----------------------------
  111.0    4.8326e-03    5.1318e-03   -5.8299e-02    4.5579e-03
  114.0    4.5236e-03    5.1318e-03   -1.1852e-01    1.2457e-02
  117.0    4.9050e-03    5.1318e-03   -4.4203e-02    2.0778e-02
  120.0    5.1512e-03    5.1318e-03    3.7705e-03   -2.6989e-02
  123.0    4.8898e-03    5.1318e-03   -4.7153e-02   -1.6422e-02
  126.0    4.4999e-03    5.1318e-03   -1.2315e-01   -2.2255e-02
  129.0    4.8727e-03    5.1318e-03   -5.0484e-02   -3.4049e-04
  132.0    4.7117e-03    5.1318e-03   -8.1871e-02   -4.6006e-03
  135.0    5.7302e-03    5.1318e-03    1.1661e-01   -1.8625e-02
  138.0    6.2854e-03    5.1318e-03    2.2479e-01    1.6186e-02
  141.0    5.5391e-03    5.1318e-03    7.9373e-02    4.8483e-02
  144.0    4.9565e-03    5.1318e-03   -3.4164e-02    4.6018e-02
  147.0    4.0613e-03    5.1318e-03   -2.0860e-01   -1.0630e-02
  150.0    3.2556e-03    5.1318e-03   -3.6561e-01   -6.2267e-02
  153.0    4.8788e-03    5.1318e-03   -4.9304e-02   -3.9014e-02
  156.0    6.7320e-03    5.1318e-03    3.1181e-01    1.7466e-02
  159.0    6.5237e-03    5.1318e-03    2.7122e-01    4.3599e-02
  162.0    6.3234e-03    5.1318e-03    2.3220e-01    2.9235e-02
  165.0    5.2851e-03    5.1318e-03    2.9862e-02    1.7990e-02
  168.0    4.2729e-03    5.1318e-03   -1.6737e-01    6.5581e-03
  171.0    4.7039e-03    5.1318e-03   -8.3390e-02   -2.2748e-04
  174.0    5.1134e-03    5.1318e-03   -3.5846e-03   -3.0330e-02
  177.0    5.1218e-03    5.1318e-03   -1.9622e-03   -4.2641e-02
  180.0    4.8718e-03    5.1318e-03   -5.0661e-02   -3.7304e-02
  183.0    5.1213e-03    5.1318e-03   -2.0469e-03   -1.5905e-02
  186.0    5.1138e-03    5.1318e-03   -3.5182e-03    6.6580e-03
  189.0    4.7039e-03    5.1318e-03   -8.3380e-02    1.2928e-02
  192.0    4.2729e-03    5.1318e-03   -1.6737e-01    1.4656e-02
  195.0    5.2856e-03    5.1318e-03    2.9962e-02    3.1378e-02
  198.0    6.3243e-03    5.1318e-03    2.3237e-01    2.2104e-02
  201.0    6.5238e-03    5.1318e-03    2.7125e-01    2.5796e-02
  204.0    6.7315e-03    5.1318e-03    3.1172e-01   -4.8175e-03
  207.0    4.8786e-03    5.1318e-03   -4.9352e-02   -4.9571e-03
  210.0    3.2551e-03    5.1318e-03   -3.6570e-01   -4.4038e-02
  213.0    4.0605e-03    5.1318e-03   -2.0877e-01   -3.1319e-02
  216.0    4.9547e-03    5.1318e-03   -3.4521e-02   -3.8567e-03
  219.0    5.5375e-03    5.1318e-03    7.9061e-02    2.1676e-02
  222.0    6.2861e-03    5.1318e-03    2.2492e-01    2.8755e-02
  225.0    5.7319e-03    5.1318e-03    1.1693e-01    6.5927e-04
  228.0    4.7117e-03    5.1318e-03   -8.1859e-02   -3.9210e-03
  231.0    4.8701e-03    5.1318e-03   -5.1001e-02   -7.5541e-03
  18    41  13.63   69.0    1.0    0.0   ----------------------------
  111.0    5.4288e-03    4.8268e-03    1.2473e-01    5.6681e-02
  114.0    5.2149e-03    4.8268e-03    8.0412e-02    1.2929e-02
  117.0    4.3562e-03    4.8268e-03   -9.7500e-02   -2.4320e-02
  120.0    3.9547e-03    4.8268e-03   -1.8067e-01   -4.7138e-02
  123.0    4.3566e-03    4.8268e-03   -9.7411e-02   -4.4052e-02
  126.0    5.2093e-03    4.8268e-03    7.9247e-02   -2.1100e-02
  129.0    5.5805e-03    4.8268e-03    1.5615e-01   -8.5998e-04
  132.0    4.6924e-03    4.8268e-03   -2.7847e-02    1.9854e-02
  135.0    5.1420e-03    4.8268e-03    6.5313e-02    1.2304e-02
  138.0    5.8330e-03    4.8268e-03    2.0847e-01    2.3902e-02
  141.0    5.0578e-03    4.8268e-03    4.7866e-02    4.2784e-02
  144.0    4.3862e-03    4.8268e-03   -9.1286e-02    2.1828e-02
  147.0    3.7486e-03    4.8268e-03   -2.2337e-01   -9.9606e-03
  150.0    3.3642e-03    4.8268e-03   -3.0301e-01   -5.5166e-02
  153.0    4.2693e-03    4.8268e-03   -1.1550e-01   -3.5335e-02
  156.0    5.5004e-03    4.8268e-03    1.3956e-01   -1.1701e-02
  159.0    5.2492e-03    4.8268e-03    8.7523e-02    1.9627e-02
  162.0    5.2495e-03    4.8268e-03    8.7567e-02    1.1072e-02
  165.0    5.1151e-03    4.8268e-03    5.9724e-02    5.2143e-03
  168.0    4.5314e-03    4.8268e-03   -6.1192e-02   -3.8574e-03
  171.0    5.2321e-03    4.8268e-03    8.3969e-02    3.5885e-02
  174.0    5.1105e-03    4.8268e-03    5.8782e-02    2.9935e-02
  177.0    4.5410e-03    4.8268e-03   -5.9217e-02    2.0826e-02
  180.0    4.1771e-03    4.8268e-03   -1.3460e-01   -1.7290e-02
  183.0    4.5412e-03    4.8268e-03   -5.9157e-02   -5.4064e-03
  186.0    5.1103e-03    4.8268e-03    5.8741e-02   -2.5175e-02
  189.0    5.2324e-03    4.8268e-03    8.4032e-02    2.6254e-04
  192.0    4.5316e-03    4.8268e-03   -6.1150e-02   -2.6269e-03
  195.0    5.1148e-03    4.8268e-03    5.9673e-02    2.5527e-02
  198.0    5.2494e-03    4.8268e-03    8.7551e-02    2.0110e-03
  201.0    5.2500e-03    4.8268e-03    8.7677e-02    1.3884e-02
  204.0    5.5010e-03    4.8268e-03    1.3967e-01    1.1968e-02
  207.0    4.2692e-03    4.8268e-03   -1.1552e-01   -2.0148e-02
  210.0    3.3632e-03    4.8268e-03   -3.0321e-01   -4.0176e-02
  213.0    3.7472e-03    4.8268e-03   -2.2366e-01   -4.6033e-02
  216.0    4.3847e-03    4.8268e-03   -9.1592e-02   -4.8067e-03
  219.0    5.0556e-03    4.8268e-03    4.7404e-02    2.1693e-02
  222.0    5.8329e-03    4.8268e-03    2.0844e-01   -5.3406e-04
  225.0    5.1420e-03    4.8268e-03    6.5297e-02    6.8596e-05
  228.0    4.6929e-03    4.8268e-03   -2.7745e-02   -3.2512e-03
  231.0    5.5790e-03    4.8268e-03    1.5584e-01    3.0212e-02
  19    41  13.63   72.0    1.0    0.0   ----------------------------
  111.0    5.7641e-03    4.8038e-03    1.9990e-01   -4.5857e-02
  114.0    5.7968e-03    4.8038e-03    2.0671e-01   -2.0811e-02
  117.0    4.7373e-03    4.8038e-03   -1.3844e-02   -1.8817e-04
  120.0    4.7542e-03    4.8038e-03   -1.0322e-02    3.2241e-02
  123.0    4.6905e-03    4.8038e-03   -2.3588e-02    3.7311e-02
  126.0    5.9300e-03    4.8038e-03    2.3444e-01    3.7041e-02
  129.0    5.7248e-03    4.8038e-03    1.9173e-01   -1.9961e-03
  132.0    5.0611e-03    4.8038e-03    5.3571e-02    2.6812e-02
  135.0    6.1515e-03    4.8038e-03    2.8056e-01    2.6184e-02
  138.0    6.8390e-03    4.8038e-03    4.2366e-01    1.1326e-02
  141.0    4.7020e-03    4.8038e-03   -2.1194e-02   -7.2880e-03
  144.0    2.9667e-03    4.8038e-03   -3.8242e-01   -9.4223e-03
  147.0    2.4253e-03    4.8038e-03   -4.9512e-01   -2.4928e-02
  150.0    2.6230e-03    4.8038e-03   -4.5398e-01   -9.1082e-02
  153.0    3.2512e-03    4.8038e-03   -3.2321e-01   -7.3257e-02
  156.0    3.6812e-03    4.8038e-03   -2.3369e-01   -2.0920e-02
  159.0    4.6939e-03    4.8038e-03   -2.2876e-02    6.5417e-02
  162.0    6.0818e-03    4.8038e-03    2.6604e-01    3.5777e-02
  165.0    5.9856e-03    4.8038e-03    2.4601e-01    4.3288e-02
  168.0    4.7678e-03    4.8038e-03   -7.4865e-03   -2.4941e-02
  171.0    4.8856e-03    4.8038e-03    1.7033e-02   -2.4014e-02
  174.0    5.1655e-03    4.8038e-03    7.5294e-02   -3.0105e-02
  177.0    4.8869e-03    4.8038e-03    1.7299e-02    2.7130e-04
  180.0    5.5034e-03    4.8038e-03    1.4564e-01    2.5675e-02
  183.0    4.8872e-03    4.8038e-03    1.7367e-02   -8.9069e-03
  186.0    5.1654e-03    4.8038e-03    7.5265e-02   -4.9613e-03
  189.0    4.8853e-03    4.8038e-03    1.6974e-02   -1.5606e-02
  192.0    4.7682e-03    4.8038e-03   -7.4094e-03    1.7231e-02
  195.0    5.9861e-03    4.8038e-03    2.4611e-01    5.1319e-02
  198.0    6.0813e-03    4.8038e-03    2.6593e-01    7.1924e-02
  201.0    4.6937e-03    4.8038e-03   -2.2917e-02    4.2410e-02
  204.0    3.6811e-03    4.8038e-03   -2.3371e-01    1.8820e-02
  207.0    3.2512e-03    4.8038e-03   -3.2320e-01   -7.5409e-02
  210.0    2.6231e-03    4.8038e-03   -4.5396e-01   -4.3317e-02
  213.0    2.4252e-03    4.8038e-03   -4.9515e-01   -6.4748e-02
  216.0    2.9667e-03    4.8038e-03   -3.8242e-01   -1.3447e-02
  219.0    4.7006e-03    4.8038e-03   -2.1473e-02    2.1007e-02
  222.0    6.8377e-03    4.8038e-03    4.2340e-01    4.6377e-02
  225.0    6.1508e-03    4.8038e-03    2.8040e-01    2.2611e-02
  228.0    5.0606e-03    4.8038e-03    5.3448e-02   -2.8860e-02
  231.0    5.7222e-03    4.8038e-03    1.9118e-01   -7.4749e-04

fitted parameters ( nfit =  0  nfollow =  0  )

   r-factora =    0.6727   r-factorb =    0.8676

    0     0.10    174.0    4.086           general vinner tdebye lattice
    1  0.00000  0.00000  0.61400  0.61400  layer spacing length units
    2  0.53100  0.35414  0.61356  0.61356  layer spacing length units
    3  0.53100  0.00000  0.61356  0.61356  layer spacing length units
    4  0.43100  0.00000  0.70705  0.70705  layer spacing length units
    5  0.65000  0.40822  0.70705  0.70705  layer spacing length units
    6  0.75000  0.40822  0.70705  0.70705  layer spacing length units
    7  0.57562  0.00000  0.70705  0.70705  layer spacing length units
    8  0.57562  0.40822  0.70705  0.70705  layer spacing length units
    9  0.57562  0.40822  0.70705  0.70705  layer spacing length units
                                           unit: lattice constant

   r-factora=sum((chic-chie)*(chic-chie))/(sum(chic*chic+chie*chie)
   r-factorb=sum(chic*chic-chie*chie)/sum(chic*chic+chie*chie)

This calculation took   42 processor seconds on    6 Linux Cluster
     starting on Fri Oct  9 00:28:09 2026
   and ending on Fri Oct  9 00:28:13 2026

