   223    26     0     datakind beginning-row multi-curves
-----------------------------------------------------------------
Calculation of photoelectron diffraction and dichroism
MSCD Parallel  Version 1.37 Yufeng Chen and Michel A Van Hove
Lawrence Berkeley National Laboratory (LBNL), Berkeley, CA 94720
Copyright (c) Van Hove Group 1997-1998. All rights reserved
-----------------------------------------------------------------
 angle-resolved photoemission extended fine structure (ARPEFS)
 multiple scattering calculation of Cobalto
 calculated by Yufeng Chen (LBNL) on Aug  6, 2026

   initial angular momentum (li) = 1   msorder=  1   raorder= 0
   photon polarization angle (polar,azimuth) =(  30.0   0.0 ) (deg)

   radius, depth and lattice constant=   0.0,   3.0 and   4.09 angstrom
   cluster size=   4 atoms and spacings=  0.00 angstrom
   inner potential=  0.0 V  debye and sample temperature=   1,   0 K
   number of valence electrons=   9     bandgap energy=   0.00 eV
   density of bulk=   8.90 g/cm3     molecular weight=  58.93 amu
   effective weight=  107.9 amu
   half aperture angle=    1.5 deg            pathcut=     0.0000

   photoemission azimuthal scan curves
     parameters: curve point theta phi weightc weighte
     columns: phi intensity background chical chiexp
    19   779    1   19   41  779  ncurve npoint nk ntheta nphi nangle
   1    41  13.63   18.0    1.0    0.0   ----------------------------
  111.0    9.7711e-04    9.7533e-04    1.8266e-03   -1.3333e-02
  114.0    9.7975e-04    9.7533e-04    4.5344e-03   -2.6705e-02
  117.0    9.7833e-04    9.7533e-04    3.0774e-03   -1.1138e-02
  120.0    9.7439e-04    9.7533e-04   -9.5969e-04    1.0988e-02
  123.0    9.7167e-04    9.7533e-04   -3.7451e-03    1.5717e-02
  126.0    9.7166e-04    9.7533e-04   -3.7615e-03    2.5430e-02
  129.0    9.7254e-04    9.7533e-04   -2.8559e-03    5.2995e-02
  132.0    9.7296e-04    9.7533e-04   -2.4282e-03    5.4504e-02
  135.0    9.7432e-04    9.7533e-04   -1.0344e-03    1.1787e-02
  138.0    9.7809e-04    9.7533e-04    2.8296e-03   -2.4085e-02
  141.0    9.8211e-04    9.7533e-04    6.9504e-03   -4.8855e-02
  144.0    9.8231e-04    9.7533e-04    7.1614e-03   -1.4787e-02
  147.0    9.7801e-04    9.7533e-04    2.7497e-03   -2.0491e-02
  150.0    9.7309e-04    9.7533e-04   -2.2987e-03    1.1745e-02
  153.0    9.7174e-04    9.7533e-04   -3.6773e-03   -1.5968e-02
  156.0    9.7422e-04    9.7533e-04   -1.1356e-03   -1.2477e-02
  159.0    9.7743e-04    9.7533e-04    2.1507e-03   -4.5813e-02
  162.0    9.7846e-04    9.7533e-04    3.2154e-03   -6.3418e-02
  165.0    9.7677e-04    9.7533e-04    1.4784e-03   -3.7200e-02
  168.0    9.7365e-04    9.7533e-04   -1.7169e-03   -8.1792e-03
  171.0    9.7098e-04    9.7533e-04   -4.4558e-03    2.6642e-02
  174.0    9.7020e-04    9.7533e-04   -5.2621e-03    2.0564e-02
  177.0    9.7172e-04    9.7533e-04   -3.6954e-03    3.0183e-02
  180.0    9.7456e-04    9.7533e-04   -7.8946e-04    7.7510e-02
  183.0    9.7670e-04    9.7533e-04    1.4068e-03    4.6800e-02
  186.0    9.7649e-04    9.7533e-04    1.1889e-03    4.7168e-02
  189.0    9.7398e-04    9.7533e-04   -1.3863e-03    1.9678e-02
  192.0    9.7104e-04    9.7533e-04   -4.3988e-03    1.9096e-02
  195.0    9.7000e-04    9.7533e-04   -5.4655e-03   -6.0049e-03
  198.0    9.7189e-04    9.7533e-04   -3.5219e-03   -3.3532e-02
  201.0    9.7580e-04    9.7533e-04    4.8125e-04   -2.7964e-03
  204.0    9.7959e-04    9.7533e-04    4.3682e-03   -3.5458e-02
  207.0    9.8146e-04    9.7533e-04    6.2900e-03   -3.7249e-02
  210.0    9.8096e-04    9.7533e-04    5.7740e-03   -6.7729e-02
  213.0    9.7887e-04    9.7533e-04    3.6291e-03   -1.5264e-02
  216.0    9.7642e-04    9.7533e-04    1.1178e-03   -1.5289e-02
  219.0    9.7453e-04    9.7533e-04   -8.1533e-04    3.4591e-02
  222.0    9.7348e-04    9.7533e-04   -1.8957e-03    2.5457e-02
  225.0    9.7316e-04    9.7533e-04   -2.2223e-03    3.3885e-02
  228.0    9.7348e-04    9.7533e-04   -1.8957e-03    4.5536e-03
  231.0    9.7453e-04    9.7533e-04   -8.1503e-04   -1.3528e-02
   2    41  13.63   21.0    1.0    0.0   ----------------------------
  111.0    9.7822e-04    9.7621e-04    2.0590e-03   -7.3413e-02
  114.0    9.8133e-04    9.7621e-04    5.2438e-03    1.8364e-02
  117.0    9.8038e-04    9.7621e-04    4.2696e-03    5.1760e-02
  120.0    9.7559e-04    9.7621e-04   -6.3407e-04    6.3395e-02
  123.0    9.7221e-04    9.7621e-04   -4.1007e-03    2.5307e-02
  126.0    9.7385e-04    9.7621e-04   -2.4189e-03    2.2145e-02
  129.0    9.7690e-04    9.7621e-04    7.0405e-04    1.1997e-02
  132.0    9.7628e-04    9.7621e-04    7.2360e-05    1.2015e-02
  135.0    9.7395e-04    9.7621e-04   -2.3131e-03   -7.5110e-03
  138.0    9.7496e-04    9.7621e-04   -1.2785e-03   -5.9268e-02
  141.0    9.7825e-04    9.7621e-04    2.0938e-03   -7.6990e-02
  144.0    9.7873e-04    9.7621e-04    2.5845e-03   -6.9689e-02
  147.0    9.7595e-04    9.7621e-04   -2.6971e-04   -3.2383e-02
  150.0    9.7373e-04    9.7621e-04   -2.5368e-03   -3.9124e-02
  153.0    9.7323e-04    9.7621e-04   -3.0511e-03   -3.1160e-02
  156.0    9.7271e-04    9.7621e-04   -3.5839e-03   -1.3027e-02
  159.0    9.7262e-04    9.7621e-04   -3.6806e-03    1.0815e-02
  162.0    9.7514e-04    9.7621e-04   -1.0926e-03    2.2556e-02
  165.0    9.7929e-04    9.7621e-04    3.1548e-03    4.8580e-02
  168.0    9.8075e-04    9.7621e-04    4.6456e-03    7.8555e-02
  171.0    9.7754e-04    9.7621e-04    1.3597e-03    6.9755e-02
  174.0    9.7306e-04    9.7621e-04   -3.2227e-03    1.4306e-02
  177.0    9.7232e-04    9.7621e-04   -3.9808e-03   -2.7015e-02
  180.0    9.7619e-04    9.7621e-04   -2.4378e-05    2.9564e-04
  183.0    9.8059e-04    9.7621e-04    4.4899e-03   -1.2900e-02
  186.0    9.8111e-04    9.7621e-04    5.0207e-03    3.8259e-02
  189.0    9.7748e-04    9.7621e-04    1.3005e-03    3.4685e-02
  192.0    9.7343e-04    9.7621e-04   -2.8481e-03    5.2255e-02
  195.0    9.7257e-04    9.7621e-04   -3.7295e-03    1.3629e-02
  198.0    9.7496e-04    9.7621e-04   -1.2838e-03    6.6550e-04
  201.0    9.7758e-04    9.7621e-04    1.4024e-03    1.3659e-02
  204.0    9.7761e-04    9.7621e-04    1.4291e-03   -9.9448e-03
  207.0    9.7490e-04    9.7621e-04   -1.3400e-03   -6.9394e-02
  210.0    9.7180e-04    9.7621e-04   -4.5228e-03   -9.4282e-02
  213.0    9.7087e-04    9.7621e-04   -5.4747e-03   -6.0676e-02
  216.0    9.7291e-04    9.7621e-04   -3.3761e-03   -3.0548e-02
  219.0    9.7675e-04    9.7621e-04    5.5742e-04    1.4995e-02
  222.0    9.8025e-04    9.7621e-04    4.1335e-03   -1.6832e-03
  225.0    9.8163e-04    9.7621e-04    5.5504e-03    2.1609e-02
  228.0    9.8025e-04    9.7621e-04    4.1335e-03    1.8540e-02
  231.0    9.7675e-04    9.7621e-04    5.5754e-04    5.1096e-02
   3    41  13.63   24.0    1.0    0.0   ----------------------------
  111.0    9.7745e-04    9.7581e-04    1.6830e-03   -1.2490e-02
  114.0    9.7409e-04    9.7581e-04   -1.7618e-03   -3.7491e-03
  117.0    9.7331e-04    9.7581e-04   -2.5645e-03    8.2344e-03
  120.0    9.7364e-04    9.7581e-04   -2.2300e-03    2.8238e-02
  123.0    9.7405e-04    9.7581e-04   -1.8045e-03    1.0912e-02
  126.0    9.7752e-04    9.7581e-04    1.7523e-03    1.0955e-03
  129.0    9.8168e-04    9.7581e-04    6.0101e-03    6.1878e-03
  132.0    9.7957e-04    9.7581e-04    3.8531e-03    3.4016e-02
  135.0    9.7351e-04    9.7581e-04   -2.3632e-03    4.1323e-02
  138.0    9.7172e-04    9.7581e-04   -4.1886e-03   -1.7176e-03
  141.0    9.7337e-04    9.7581e-04   -2.5051e-03   -5.2437e-02
  144.0    9.7359e-04    9.7581e-04   -2.2774e-03   -7.5042e-02
  147.0    9.7505e-04    9.7581e-04   -7.8326e-04   -5.9561e-02
  150.0    9.7960e-04    9.7581e-04    3.8794e-03   -3.3071e-02
  153.0    9.8074e-04    9.7581e-04    5.0467e-03   -3.7705e-02
  156.0    9.7547e-04    9.7581e-04   -3.5471e-04   -1.3808e-02
  159.0    9.7117e-04    9.7581e-04   -4.7601e-03   -3.6766e-03
  162.0    9.7379e-04    9.7581e-04   -2.0771e-03    2.5569e-02
  165.0    9.7921e-04    9.7581e-04    3.4845e-03    1.2107e-02
  168.0    9.8027e-04    9.7581e-04    4.5732e-03    1.1047e-02
  171.0    9.7605e-04    9.7581e-04    2.4617e-04    2.0907e-02
  174.0    9.7181e-04    9.7581e-04   -4.0991e-03    4.0032e-02
  177.0    9.7242e-04    9.7581e-04   -3.4803e-03    5.1903e-02
  180.0    9.7700e-04    9.7581e-04    1.2200e-03    6.6655e-02
  183.0    9.8010e-04    9.7581e-04    4.3942e-03    4.9621e-02
  186.0    9.7799e-04    9.7581e-04    2.2357e-03    4.4424e-02
  189.0    9.7323e-04    9.7581e-04   -2.6467e-03    3.1874e-03
  192.0    9.7149e-04    9.7581e-04   -4.4318e-03    5.5329e-03
  195.0    9.7474e-04    9.7581e-04   -1.0980e-03   -1.3050e-02
  198.0    9.7924e-04    9.7581e-04    3.5125e-03   -3.5530e-03
  201.0    9.8029e-04    9.7581e-04    4.5912e-03   -3.3395e-02
  204.0    9.7748e-04    9.7581e-04    1.7058e-03   -5.9305e-02
  207.0    9.7424e-04    9.7581e-04   -1.6114e-03   -8.9953e-02
  210.0    9.7358e-04    9.7581e-04   -2.2848e-03   -5.4632e-02
  213.0    9.7524e-04    9.7581e-04   -5.8955e-04   -4.5909e-02
  216.0    9.7680e-04    9.7581e-04    1.0151e-03   -1.0786e-02
  219.0    9.7659e-04    9.7581e-04    8.0025e-04   -5.8877e-03
  222.0    9.7515e-04    9.7581e-04   -6.8235e-04    7.6230e-02
  225.0    9.7433e-04    9.7581e-04   -1.5208e-03    8.7268e-02
  228.0    9.7515e-04    9.7581e-04   -6.8223e-04    4.8655e-02
  231.0    9.7659e-04    9.7581e-04    8.0001e-04   -6.3132e-02
   4    41  13.63   27.0    1.0    0.0   ----------------------------
  111.0    9.7765e-04    9.7563e-04    2.0740e-03    2.4692e-02
  114.0    9.7161e-04    9.7563e-04   -4.1187e-03   -1.9055e-03
  117.0    9.7205e-04    9.7563e-04   -3.6626e-03    2.6585e-03
  120.0    9.7745e-04    9.7563e-04    1.8705e-03   -2.3271e-03
  123.0    9.7762e-04    9.7563e-04    2.0401e-03    1.8172e-02
  126.0    9.7481e-04    9.7563e-04   -8.4072e-04   -1.2133e-02
  129.0    9.7580e-04    9.7563e-04    1.7595e-04   -1.4493e-03
  132.0    9.7582e-04    9.7563e-04    2.0361e-04   -4.7537e-03
  135.0    9.7419e-04    9.7563e-04   -1.4772e-03    1.7658e-02
  138.0    9.7704e-04    9.7563e-04    1.4482e-03    1.9383e-03
  141.0    9.7855e-04    9.7563e-04    2.9953e-03   -2.0774e-02
  144.0    9.7375e-04    9.7563e-04   -1.9238e-03   -1.8127e-02
  147.0    9.7249e-04    9.7563e-04   -3.2156e-03   -3.3409e-02
  150.0    9.7753e-04    9.7563e-04    1.9541e-03   -3.8623e-02
  153.0    9.7943e-04    9.7563e-04    3.8944e-03   -8.6046e-02
  156.0    9.7664e-04    9.7563e-04    1.0346e-03   -6.4417e-02
  159.0    9.7435e-04    9.7563e-04   -1.3052e-03   -2.8085e-03
  162.0    9.7379e-04    9.7563e-04   -1.8834e-03    5.7834e-02
  165.0    9.7526e-04    9.7563e-04   -3.7497e-04    7.5508e-02
  168.0    9.7838e-04    9.7563e-04    2.8244e-03    7.6232e-02
  171.0    9.7862e-04    9.7563e-04    3.0669e-03    4.3822e-02
  174.0    9.7430e-04    9.7563e-04   -1.3599e-03    3.0243e-02
  177.0    9.7168e-04    9.7563e-04   -4.0419e-03   -2.2376e-02
  180.0    9.7513e-04    9.7563e-04   -5.1242e-04   -2.2643e-02
  183.0    9.7925e-04    9.7563e-04    3.7129e-03    5.3222e-03
  186.0    9.7758e-04    9.7563e-04    2.0075e-03    6.6250e-03
  189.0    9.7302e-04    9.7563e-04   -2.6667e-03    4.4753e-02
  192.0    9.7284e-04    9.7563e-04   -2.8598e-03    2.9540e-02
  195.0    9.7729e-04    9.7563e-04    1.7104e-03    3.9787e-02
  198.0    9.7983e-04    9.7563e-04    4.3122e-03    2.5561e-02
  201.0    9.7710e-04    9.7563e-04    1.5140e-03   -1.4008e-02
  204.0    9.7311e-04    9.7563e-04   -2.5772e-03   -4.4771e-03
  207.0    9.7285e-04    9.7563e-04   -2.8417e-03   -5.3857e-02
  210.0    9.7596e-04    9.7563e-04    3.4690e-04   -7.3017e-02
  213.0    9.7847e-04    9.7563e-04    2.9128e-03   -8.9817e-02
  216.0    9.7809e-04    9.7563e-04    2.5220e-03   -5.8950e-02
  219.0    9.7578e-04    9.7563e-04    1.5283e-04    4.3706e-03
  222.0    9.7355e-04    9.7563e-04   -2.1238e-03    1.5420e-02
  225.0    9.7268e-04    9.7563e-04   -3.0198e-03    2.7836e-02
  228.0    9.7355e-04    9.7563e-04   -2.1238e-03    2.4525e-02
  231.0    9.7578e-04    9.7563e-04    1.5271e-04    5.3769e-02
   5    41  13.63   30.0    1.0    0.0   ----------------------------
  111.0    9.7618e-04    9.7543e-04    7.6866e-04   -2.5039e-02
  114.0    9.7406e-04    9.7543e-04   -1.4109e-03   -3.7031e-03
  117.0    9.7454e-04    9.7543e-04   -9.1732e-04    7.7065e-03
  120.0    9.7877e-04    9.7543e-04    3.4232e-03    4.2303e-03
  123.0    9.7787e-04    9.7543e-04    2.4928e-03    1.2450e-02
  126.0    9.7232e-04    9.7543e-04   -3.1903e-03    1.0414e-02
  129.0    9.7389e-04    9.7543e-04   -1.5833e-03    1.7261e-02
  132.0    9.7625e-04    9.7543e-04    8.3447e-04    2.8846e-02
  135.0    9.7421e-04    9.7543e-04   -1.2577e-03    4.3241e-02
  138.0    9.7730e-04    9.7543e-04    1.9112e-03    4.2917e-02
  141.0    9.7943e-04    9.7543e-04    4.0994e-03    7.0368e-03
  144.0    9.7509e-04    9.7543e-04   -3.5483e-04   -3.7225e-02
  147.0    9.7421e-04    9.7543e-04   -1.2530e-03   -8.0628e-02
  150.0    9.7530e-04    9.7543e-04   -1.4049e-04   -7.3895e-02
  153.0    9.7495e-04    9.7543e-04   -4.9412e-04   -6.6122e-02
  156.0    9.7771e-04    9.7543e-04    2.3321e-03   -3.3449e-02
  159.0    9.7757e-04    9.7543e-04    2.1913e-03   -9.4586e-03
  162.0    9.7121e-04    9.7543e-04   -4.3312e-03    2.7946e-02
  165.0    9.7019e-04    9.7543e-04   -5.3778e-03    2.0426e-02
  168.0    9.7687e-04    9.7543e-04    1.4738e-03    1.6024e-02
  171.0    9.7885e-04    9.7543e-04    3.5009e-03    1.2007e-02
  174.0    9.7299e-04    9.7543e-04   -2.5048e-03    2.7507e-02
  177.0    9.7029e-04    9.7543e-04   -5.2692e-03    2.6511e-02
  180.0    9.7555e-04    9.7543e-04    1.1671e-04    1.3554e-02
  183.0    9.7949e-04    9.7543e-04    4.1558e-03    1.0916e-02
  186.0    9.7547e-04    9.7543e-04    3.4094e-05    1.5062e-02
  189.0    9.7054e-04    9.7543e-04   -5.0133e-03    2.5573e-02
  192.0    9.7251e-04    9.7543e-04   -2.9986e-03    3.8724e-02
  195.0    9.7702e-04    9.7543e-04    1.6208e-03    4.7334e-02
  198.0    9.7640e-04    9.7543e-04    9.8670e-04    3.4943e-02
  201.0    9.7259e-04    9.7543e-04   -2.9203e-03    1.6305e-02
  204.0    9.7260e-04    9.7543e-04   -2.9068e-03   -2.7231e-02
  207.0    9.7690e-04    9.7543e-04    1.5055e-03   -6.2070e-02
  210.0    9.7970e-04    9.7543e-04    4.3712e-03   -8.4085e-02
  213.0    9.7805e-04    9.7543e-04    2.6840e-03   -6.7745e-02
  216.0    9.7518e-04    9.7543e-04   -2.5886e-04   -3.5937e-02
  219.0    9.7486e-04    9.7543e-04   -5.8550e-04    3.7936e-03
  222.0    9.7665e-04    9.7543e-04    1.2492e-03    1.3640e-02
  225.0    9.7774e-04    9.7543e-04    2.3584e-03    3.8415e-02
  228.0    9.7665e-04    9.7543e-04    1.2493e-03    2.7588e-02
  231.0    9.7486e-04    9.7543e-04   -5.8562e-04    1.6307e-02
   6    41  13.63   33.0    1.0    0.0   ----------------------------
  111.0    9.7135e-04    9.7651e-04   -5.2816e-03    9.4909e-03
  114.0    9.7761e-04    9.7651e-04    1.1319e-03   -2.1051e-02
  117.0    9.7920e-04    9.7651e-04    2.7633e-03   -7.7975e-03
  120.0    9.7753e-04    9.7651e-04    1.0470e-03    1.4761e-02
  123.0    9.7679e-04    9.7650e-04    2.8968e-04    4.2367e-02
  126.0    9.7308e-04    9.7651e-04   -3.5064e-03    3.3946e-02
  129.0    9.7543e-04    9.7651e-04   -1.1040e-03    3.4094e-02
  132.0    9.7816e-04    9.7651e-04    1.6927e-03   -1.3862e-03
  135.0    9.7359e-04    9.7651e-04   -2.9817e-03   -1.1130e-02
  138.0    9.7535e-04    9.7651e-04   -1.1813e-03   -3.2220e-02
  141.0    9.7735e-04    9.7651e-04    8.6939e-04   -1.5164e-02
  144.0    9.7582e-04    9.7651e-04   -7.0649e-04   -5.1957e-02
  147.0    9.7764e-04    9.7651e-04    1.1621e-03   -5.9681e-02
  150.0    9.7349e-04    9.7651e-04   -3.0861e-03   -6.8588e-02
  153.0    9.7020e-04    9.7651e-04   -6.4535e-03   -3.8589e-02
  156.0    9.7687e-04    9.7650e-04    3.7420e-04   -6.3267e-03
  159.0    9.7962e-04    9.7651e-04    3.1943e-03    4.8693e-03
  162.0    9.7561e-04    9.7651e-04   -9.1153e-04    9.8899e-03
  165.0    9.7518e-04    9.7651e-04   -1.3598e-03    2.0725e-02
  168.0    9.7978e-04    9.7651e-04    3.3586e-03    1.4746e-02
  171.0    9.8251e-04    9.7650e-04    6.1482e-03    3.7918e-02
  174.0    9.7864e-04    9.7650e-04    2.1913e-03    2.8539e-02
  177.0    9.7504e-04    9.7651e-04   -1.5024e-03    4.7724e-02
  180.0    9.7922e-04    9.7651e-04    2.7841e-03    4.3469e-02
  183.0    9.8309e-04    9.7651e-04    6.7410e-03    5.1377e-02
  186.0    9.7852e-04    9.7650e-04    2.0682e-03    4.3641e-02
  189.0    9.7466e-04    9.7651e-04   -1.8856e-03    2.8613e-02
  192.0    9.7908e-04    9.7651e-04    2.6376e-03    2.4612e-02
  195.0    9.8263e-04    9.7650e-04    6.2745e-03    1.4749e-02
  198.0    9.7822e-04    9.7651e-04    1.7577e-03   -3.5443e-03
  201.0    9.7322e-04    9.7651e-04   -3.3615e-03   -2.6282e-02
  204.0    9.7384e-04    9.7651e-04   -2.7331e-03   -4.6665e-02
  207.0    9.7551e-04    9.7651e-04   -1.0165e-03   -5.0691e-02
  210.0    9.7418e-04    9.7651e-04   -2.3826e-03   -6.4202e-02
  213.0    9.7266e-04    9.7651e-04   -3.9414e-03   -6.1280e-02
  216.0    9.7386e-04    9.7651e-04   -2.7102e-03   -4.6884e-02
  219.0    9.7608e-04    9.7651e-04   -4.3225e-04   -2.3413e-02
  222.0    9.7674e-04    9.7650e-04    2.3687e-04    3.3600e-03
  225.0    9.7652e-04    9.7651e-04    1.4663e-05    3.1216e-02
  228.0    9.7674e-04    9.7650e-04    2.3699e-04    4.9272e-02
  231.0    9.7608e-04    9.7651e-04   -4.3225e-04    4.7860e-02
   7    41  13.63   36.0    1.0    0.0   ----------------------------
  111.0    9.6989e-04    9.7513e-04   -5.3688e-03    2.5849e-02
  114.0    9.7502e-04    9.7513e-04   -1.0437e-04    4.0106e-03
  117.0    9.7594e-04    9.7513e-04    8.3125e-04   -1.0516e-02
  120.0    9.7215e-04    9.7513e-04   -3.0482e-03   -8.2474e-03
  123.0    9.7701e-04    9.7513e-04    1.9268e-03   -7.2891e-03
  126.0    9.7750e-04    9.7513e-04    2.4383e-03    1.5227e-02
  129.0    9.7625e-04    9.7513e-04    1.1516e-03    3.3361e-02
  132.0    9.7764e-04    9.7513e-04    2.5791e-03    2.9180e-02
  135.0    9.7384e-04    9.7513e-04   -1.3231e-03   -5.0403e-04
  138.0    9.7654e-04    9.7513e-04    1.4544e-03   -2.2137e-02
  141.0    9.7515e-04    9.7513e-04    2.0981e-05   -2.8610e-02
  144.0    9.7254e-04    9.7513e-04   -2.6553e-03   -2.9272e-02
  147.0    9.7782e-04    9.7513e-04    2.7622e-03   -2.4359e-02
  150.0    9.7615e-04    9.7513e-04    1.0470e-03   -4.1173e-02
  153.0    9.7547e-04    9.7513e-04    3.4976e-04   -6.5249e-02
  156.0    9.7863e-04    9.7513e-04    3.5944e-03   -7.1382e-02
  159.0    9.7984e-04    9.7513e-04    4.8295e-03   -5.7281e-02
  162.0    9.7879e-04    9.7513e-04    3.7534e-03   -1.4044e-02
  165.0    9.7237e-04    9.7513e-04   -2.8312e-03    2.0593e-02
  168.0    9.7079e-04    9.7513e-04   -4.4481e-03    6.5874e-02
  171.0    9.7575e-04    9.7513e-04    6.3431e-04    8.3510e-02
  174.0    9.7257e-04    9.7513e-04   -2.6199e-03    9.7499e-02
  177.0    9.6687e-04    9.7513e-04   -8.4665e-03    6.7722e-02
  180.0    9.7125e-04    9.7513e-04   -3.9769e-03    6.3434e-02
  183.0    9.7492e-04    9.7513e-04   -2.1315e-04    4.0195e-02
  186.0    9.6982e-04    9.7513e-04   -5.4436e-03    2.5301e-02
  189.0    9.6903e-04    9.7513e-04   -6.2508e-03    9.2320e-03
  192.0    9.7590e-04    9.7513e-04    7.9155e-04    1.4814e-03
  195.0    9.7718e-04    9.7513e-04    2.1033e-03   -2.0484e-02
  198.0    9.7305e-04    9.7513e-04   -2.1294e-03   -3.5781e-02
  201.0    9.7532e-04    9.7513e-04    2.0075e-04   -4.3690e-02
  204.0    9.8173e-04    9.7513e-04    6.7738e-03   -3.6224e-02
  207.0    9.8173e-04    9.7513e-04    6.7685e-03   -3.3061e-02
  210.0    9.7680e-04    9.7513e-04    1.7184e-03   -5.2335e-02
  213.0    9.7461e-04    9.7513e-04   -5.2607e-04   -3.4788e-02
  216.0    9.7554e-04    9.7513e-04    4.2498e-04   -3.1433e-02
  219.0    9.7618e-04    9.7513e-04    1.0849e-03   -2.6089e-02
  222.0    9.7564e-04    9.7513e-04    5.2822e-04   -1.1739e-02
  225.0    9.7515e-04    9.7513e-04    2.6345e-05    1.5708e-02
  228.0    9.7564e-04    9.7513e-04    5.2822e-04    5.0599e-02
  231.0    9.7618e-04    9.7513e-04    1.0849e-03    5.7604e-02
   8    41  13.63   39.0    1.0    0.0   ----------------------------
  111.0    9.8073e-04    9.7555e-04    5.3068e-03    1.7847e-02
  114.0    9.8009e-04    9.7555e-04    4.6488e-03   -9.3399e-03
  117.0    9.7643e-04    9.7555e-04    8.9681e-04   -1.6765e-02
  120.0    9.7000e-04    9.7555e-04   -5.6896e-03    1.8341e-02
  123.0    9.7395e-04    9.7555e-04   -1.6466e-03    3.0571e-02
  126.0    9.7666e-04    9.7555e-04    1.1308e-03    2.4047e-02
  129.0    9.7550e-04    9.7555e-04   -5.4002e-05    2.1677e-02
  132.0    9.7910e-04    9.7555e-04    3.6397e-03    2.9775e-03
  135.0    9.7427e-04    9.7555e-04   -1.3196e-03   -1.3795e-02
  138.0    9.7565e-04    9.7555e-04    9.4175e-05   -3.6654e-02
  141.0    9.7384e-04    9.7555e-04   -1.7599e-03   -4.3589e-02
  144.0    9.7414e-04    9.7555e-04   -1.4478e-03   -9.9646e-03
  147.0    9.8010e-04    9.7555e-04    4.6644e-03   -1.3753e-02
  150.0    9.7892e-04    9.7555e-04    3.4491e-03   -1.0269e-02
  153.0    9.7752e-04    9.7555e-04    2.0127e-03   -5.6565e-02
  156.0    9.7055e-04    9.7555e-04   -5.1287e-03   -5.7653e-02
  159.0    9.7072e-04    9.7555e-04   -4.9571e-03   -7.1992e-02
  162.0    9.7516e-04    9.7555e-04   -3.9899e-04   -3.5269e-02
  165.0    9.7022e-04    9.7555e-04   -5.4623e-03   -1.0877e-02
  168.0    9.7124e-04    9.7555e-04   -4.4175e-03    1.1352e-02
  171.0    9.7984e-04    9.7555e-04    4.3931e-03    5.1463e-02
  174.0    9.7945e-04    9.7555e-04    3.9974e-03    9.3086e-02
  177.0    9.7445e-04    9.7555e-04   -1.1347e-03    1.2506e-01
  180.0    9.7896e-04    9.7555e-04    3.4899e-03    1.0631e-01
  183.0    9.8288e-04    9.7555e-04    7.5145e-03    7.5735e-02
  186.0    9.7623e-04    9.7555e-04    6.8927e-04    3.6145e-02
  189.0    9.7320e-04    9.7555e-04   -2.4151e-03    2.6449e-02
  192.0    9.7648e-04    9.7555e-04    9.5344e-04    1.5969e-02
  195.0    9.7360e-04    9.7555e-04   -2.0032e-03   -1.1287e-02
  198.0    9.6964e-04    9.7555e-04   -6.0630e-03   -4.4351e-02
  201.0    9.7274e-04    9.7555e-04   -2.8814e-03   -6.9664e-02
  204.0    9.7519e-04    9.7555e-04   -3.7068e-04   -6.2000e-02
  207.0    9.7344e-04    9.7555e-04   -2.1642e-03   -5.6913e-02
  210.0    9.7412e-04    9.7555e-04   -1.4709e-03   -5.4021e-02
  213.0    9.7693e-04    9.7555e-04    1.4106e-03   -4.3780e-02
  216.0    9.7639e-04    9.7555e-04    8.5676e-04   -3.1164e-02
  219.0    9.7481e-04    9.7555e-04   -7.6067e-04   -2.1344e-02
  222.0    9.7613e-04    9.7555e-04    5.8854e-04   -3.0451e-03
  225.0    9.7749e-04    9.7555e-04    1.9863e-03    1.3533e-02
  228.0    9.7613e-04    9.7555e-04    5.8854e-04    4.0257e-02
  231.0    9.7481e-04    9.7555e-04   -7.6056e-04    7.3877e-02
   9    41  13.63   42.0    1.0    0.0   ----------------------------
  111.0    9.7742e-04    9.7741e-04    1.1325e-05   -5.5523e-02
  114.0    9.7811e-04    9.7741e-04    7.1621e-04   -6.9952e-03
  117.0    9.7943e-04    9.7741e-04    2.0663e-03    3.4766e-02
  120.0    9.7888e-04    9.7741e-04    1.5054e-03    6.2760e-02
  123.0    9.7586e-04    9.7741e-04   -1.5786e-03    6.0475e-02
  126.0    9.7426e-04    9.7741e-04   -3.2197e-03    2.5757e-02
  129.0    9.7219e-04    9.7741e-04   -5.3409e-03   -4.2905e-03
  132.0    9.7869e-04    9.7741e-04    1.3099e-03   -4.4725e-02
  135.0    9.7412e-04    9.7741e-04   -3.3588e-03   -3.9915e-02
  138.0    9.7642e-04    9.7741e-04   -1.0072e-03   -5.1954e-02
  141.0    9.7666e-04    9.7741e-04   -7.6693e-04   -2.5289e-02
  144.0    9.7825e-04    9.7741e-04    8.6689e-04   -3.1381e-03
  147.0    9.7616e-04    9.7741e-04   -1.2797e-03    2.3573e-02
  150.0    9.7174e-04    9.7741e-04   -5.7947e-03    3.1621e-02
  153.0    9.7416e-04    9.7741e-04   -3.3197e-03    8.0494e-03
  156.0    9.7039e-04    9.7741e-04   -7.1773e-03   -1.2051e-02
  159.0    9.7618e-04    9.7741e-04   -1.2606e-03   -4.4419e-02
  162.0    9.8398e-04    9.7741e-04    6.7247e-03   -6.8277e-02
  165.0    9.8247e-04    9.7741e-04    5.1814e-03   -7.4540e-02
  168.0    9.7923e-04    9.7741e-04    1.8697e-03   -5.4030e-02
  171.0    9.8341e-04    9.7741e-04    6.1463e-03   -7.9013e-04
  174.0    9.8278e-04    9.7741e-04    5.4990e-03    5.0250e-02
  177.0    9.7492e-04    9.7741e-04   -2.5405e-03    9.8171e-02
  180.0    9.7961e-04    9.7741e-04    2.2568e-03    1.2273e-01
  183.0    9.8352e-04    9.7741e-04    6.2587e-03    1.1448e-01
  186.0    9.7602e-04    9.7741e-04   -1.4201e-03    7.0593e-02
  189.0    9.7962e-04    9.7741e-04    2.2625e-03    1.3646e-02
  192.0    9.8817e-04    9.7741e-04    1.1013e-02   -2.5541e-02
  195.0    9.8233e-04    9.7741e-04    5.0410e-03   -5.1623e-02
  198.0    9.7611e-04    9.7741e-04   -1.3307e-03   -5.9106e-02
  201.0    9.7720e-04    9.7741e-04   -2.1511e-04   -6.3265e-02
  204.0    9.7461e-04    9.7741e-04   -2.8571e-03   -3.3498e-02
  207.0    9.7195e-04    9.7741e-04   -5.5818e-03   -1.5428e-02
  210.0    9.7575e-04    9.7741e-04   -1.6913e-03    4.5335e-03
  213.0    9.7998e-04    9.7741e-04    2.6324e-03   -1.7918e-03
  216.0    9.7981e-04    9.7741e-04    2.4625e-03   -1.7471e-02
  219.0    9.7708e-04    9.7741e-04   -3.3528e-04   -2.2091e-02
  222.0    9.7367e-04    9.7741e-04   -3.8252e-03   -1.7417e-02
  225.0    9.7178e-04    9.7741e-04   -5.7603e-03    4.5348e-03
  228.0    9.7367e-04    9.7741e-04   -3.8252e-03    2.6046e-02
  231.0    9.7708e-04    9.7741e-04   -3.3528e-04    4.1364e-02
  10    41  13.63   45.0    1.0    0.0   ----------------------------
  111.0    9.7345e-04    9.7411e-04   -6.8414e-04   -5.1333e-02
  114.0    9.6827e-04    9.7411e-04   -6.0001e-03   -4.8680e-03
  117.0    9.7068e-04    9.7411e-04   -3.5270e-03    5.2641e-02
  120.0    9.7993e-04    9.7411e-04    5.9706e-03    5.7244e-02
  123.0    9.7931e-04    9.7411e-04    5.3363e-03    7.3831e-02
  126.0    9.7955e-04    9.7411e-04    5.5788e-03    1.2707e-02
  129.0    9.7188e-04    9.7411e-04   -2.2901e-03   -2.1424e-02
  132.0    9.7416e-04    9.7411e-04    5.3287e-05   -8.5646e-02
  135.0    9.7360e-04    9.7411e-04   -5.2422e-04   -7.2264e-02
  138.0    9.8083e-04    9.7411e-04    6.8939e-03   -4.5088e-02
  141.0    9.7709e-04    9.7411e-04    3.0608e-03    2.6317e-03
  144.0    9.7464e-04    9.7411e-04    5.4598e-04    1.6458e-02
  147.0    9.7021e-04    9.7411e-04   -4.0098e-03    2.8378e-02
  150.0    9.7264e-04    9.7411e-04   -1.5060e-03    2.3871e-02
  153.0    9.8142e-04    9.7411e-04    7.5051e-03    5.3816e-03
  156.0    9.8169e-04    9.7411e-04    7.7792e-03   -1.9821e-02
  159.0    9.7978e-04    9.7411e-04    5.8231e-03   -4.5555e-02
  162.0    9.7826e-04    9.7411e-04    4.2545e-03   -3.2011e-02
  165.0    9.7545e-04    9.7411e-04    1.3760e-03   -3.1929e-02
  168.0    9.6589e-04    9.7411e-04   -8.4380e-03    7.8895e-03
  171.0    9.6827e-04    9.7411e-04   -6.0013e-03    2.0971e-02
  174.0    9.6969e-04    9.7411e-04   -4.5373e-03    5.5909e-02
  177.0    9.6324e-04    9.7411e-04   -1.1159e-02    4.6220e-02
  180.0    9.6722e-04    9.7411e-04   -7.0770e-03    5.9292e-02
  183.0    9.6895e-04    9.7411e-04   -5.3029e-03    6.3894e-02
  186.0    9.6398e-04    9.7411e-04   -1.0400e-02    5.8331e-02
  189.0    9.6888e-04    9.7411e-04   -5.3670e-03    3.0771e-02
  192.0    9.7140e-04    9.7411e-04   -2.7885e-03   -3.4532e-02
  195.0    9.6830e-04    9.7411e-04   -5.9693e-03   -5.9524e-02
  198.0    9.7785e-04    9.7411e-04    3.8393e-03   -8.2028e-02
  201.0    9.8769e-04    9.7411e-04    1.3941e-02   -5.1364e-02
  204.0    9.8268e-04    9.7411e-04    8.7941e-03   -2.1167e-02
  207.0    9.7501e-04    9.7411e-04    9.2256e-04    1.8470e-03
  210.0    9.7025e-04    9.7411e-04   -3.9649e-03    1.8783e-02
  213.0    9.6765e-04    9.7411e-04   -6.6378e-03    1.4107e-02
  216.0    9.7186e-04    9.7411e-04   -2.3109e-03    9.9425e-03
  219.0    9.7793e-04    9.7411e-04    3.9208e-03   -8.5234e-03
  222.0    9.7777e-04    9.7411e-04    3.7503e-03   -2.4272e-02
  225.0    9.7556e-04    9.7411e-04    1.4821e-03   -2.9116e-02
  228.0    9.7777e-04    9.7411e-04    3.7502e-03   -2.0694e-03
  231.0    9.7793e-04    9.7411e-04    3.9210e-03    6.1597e-02
  11    41  13.63   48.0    1.0    0.0   ----------------------------
  111.0    9.8414e-04    9.7587e-04    8.4742e-03   -5.5145e-02
  114.0    9.7595e-04    9.7587e-04    7.4625e-05    1.0323e-03
  117.0    9.6945e-04    9.7587e-04   -6.5849e-03    4.1790e-02
  120.0    9.7203e-04    9.7587e-04   -3.9356e-03    5.9876e-02
  123.0    9.7259e-04    9.7587e-04   -3.3683e-03    4.4919e-02
  126.0    9.8197e-04    9.7587e-04    6.2482e-03    2.4345e-02
  129.0    9.7615e-04    9.7587e-04    2.8014e-04   -2.5239e-03
  132.0    9.7501e-04    9.7587e-04   -8.8978e-04   -2.8956e-02
  135.0    9.7381e-04    9.7587e-04   -2.1209e-03   -3.5614e-02
  138.0    9.8017e-04    9.7587e-04    4.3973e-03   -2.8166e-02
  141.0    9.7243e-04    9.7587e-04   -3.5318e-03   -2.3371e-02
  144.0    9.7300e-04    9.7587e-04   -2.9455e-03   -2.6761e-02
  147.0    9.7539e-04    9.7587e-04   -4.9555e-04   -1.9742e-02
  150.0    9.8168e-04    9.7587e-04    5.9501e-03   -2.5240e-02
  153.0    9.8088e-04    9.7588e-04    5.1242e-03   -4.2170e-02
  156.0    9.7670e-04    9.7587e-04    8.4054e-04   -4.0370e-02
  159.0    9.6697e-04    9.7587e-04   -9.1205e-03   -2.6106e-02
  162.0    9.6615e-04    9.7587e-04   -9.9621e-03   -9.5315e-04
  165.0    9.7217e-04    9.7587e-04   -3.7993e-03   -3.0074e-03
  168.0    9.6936e-04    9.7587e-04   -6.6768e-03    1.3310e-02
  171.0    9.7583e-04    9.7587e-04   -4.5061e-05    4.1871e-02
  174.0    9.8307e-04    9.7587e-04    7.3732e-03    8.4753e-02
  177.0    9.7769e-04    9.7587e-04    1.8601e-03    9.7467e-02
  180.0    9.8064e-04    9.7587e-04    4.8784e-03    8.4553e-02
  183.0    9.8525e-04    9.7587e-04    9.6080e-03    6.5259e-02
  186.0    9.7633e-04    9.7588e-04    4.6790e-04    2.9383e-02
  189.0    9.7502e-04    9.7587e-04   -8.7464e-04   -4.2236e-03
  192.0    9.7484e-04    9.7587e-04   -1.0636e-03   -4.1122e-02
  195.0    9.6873e-04    9.7587e-04   -7.3205e-03   -5.3725e-02
  198.0    9.6832e-04    9.7587e-04   -7.7385e-03   -4.0821e-02
  201.0    9.6710e-04    9.7587e-04   -8.9918e-03   -4.5094e-02
  204.0    9.6961e-04    9.7587e-04   -6.4189e-03   -4.7214e-02
  207.0    9.8191e-04    9.7587e-04    6.1827e-03   -3.8709e-02
  210.0    9.8756e-04    9.7587e-04    1.1973e-02   -1.9988e-02
  213.0    9.8190e-04    9.7588e-04    6.1771e-03    1.6120e-03
  216.0    9.7602e-04    9.7587e-04    1.4675e-04    2.2071e-03
  219.0    9.7449e-04    9.7587e-04   -1.4148e-03   -4.8838e-03
  222.0    9.7782e-04    9.7587e-04    1.9952e-03    1.3877e-02
  225.0    9.8043e-04    9.7587e-04    4.6638e-03    3.2935e-04
  228.0    9.7782e-04    9.7587e-04    1.9952e-03    1.7028e-02
  231.0    9.7449e-04    9.7587e-04   -1.4147e-03    3.0666e-02
  12    41  13.63   51.0    1.0    0.0   ----------------------------
  111.0    9.7900e-04    9.7737e-04    1.6639e-03   -6.4633e-02
  114.0    9.8361e-04    9.7737e-04    6.3821e-03   -1.4734e-02
  117.0    9.8197e-04    9.7737e-04    4.7078e-03    4.6329e-02
  120.0    9.7608e-04    9.7737e-04   -1.3252e-03    8.8661e-02
  123.0    9.6799e-04    9.7737e-04   -9.5972e-03    6.7248e-02
  126.0    9.7445e-04    9.7737e-04   -2.9902e-03    1.8602e-02
  129.0    9.7651e-04    9.7737e-04   -8.8018e-04   -3.8811e-02
  132.0    9.8195e-04    9.7737e-04    4.6818e-03   -6.0861e-02
  135.0    9.7421e-04    9.7737e-04   -3.2296e-03   -7.1684e-02
  138.0    9.7322e-04    9.7737e-04   -4.2498e-03   -5.4671e-02
  141.0    9.7125e-04    9.7737e-04   -6.2616e-03   -3.3815e-02
  144.0    9.8076e-04    9.7737e-04    3.4720e-03    1.8026e-02
  147.0    9.8068e-04    9.7737e-04    3.3807e-03    3.9391e-02
  150.0    9.7822e-04    9.7737e-04    8.6343e-04    4.7117e-02
  153.0    9.6756e-04    9.7737e-04   -1.0043e-02    2.5533e-02
  156.0    9.7015e-04    9.7737e-04   -7.3842e-03    3.2233e-02
  159.0    9.7025e-04    9.7737e-04   -7.2817e-03    2.0664e-02
  162.0    9.7770e-04    9.7737e-04    3.3867e-04    5.0497e-03
  165.0    9.8805e-04    9.7737e-04    1.0929e-02   -3.4795e-02
  168.0    9.8520e-04    9.7737e-04    8.0110e-03   -3.9579e-02
  171.0    9.8505e-04    9.7737e-04    7.8559e-03   -4.5172e-02
  174.0    9.9004e-04    9.7737e-04    1.2960e-02   -2.2517e-02
  177.0    9.7959e-04    9.7737e-04    2.2743e-03   -4.5389e-03
  180.0    9.8445e-04    9.7737e-04    7.2470e-03    3.2704e-02
  183.0    9.8816e-04    9.7737e-04    1.1034e-02    3.8203e-02
  186.0    9.7884e-04    9.7737e-04    1.5010e-03    3.1283e-02
  189.0    9.8986e-04    9.7737e-04    1.2774e-02   -2.9217e-03
  192.0    9.9120e-04    9.7737e-04    1.4148e-02   -5.9339e-03
  195.0    9.7903e-04    9.7737e-04    1.7005e-03   -4.1661e-03
  198.0    9.7803e-04    9.7737e-04    6.7735e-04   -3.7413e-03
  201.0    9.7437e-04    9.7737e-04   -3.0676e-03   -7.2932e-03
  204.0    9.7078e-04    9.7737e-04   -6.7459e-03    1.5785e-02
  207.0    9.7278e-04    9.7737e-04   -4.6943e-03    1.3026e-02
  210.0    9.7454e-04    9.7737e-04   -2.8954e-03    1.3144e-02
  213.0    9.7599e-04    9.7737e-04   -1.4113e-03   -2.4487e-02
  216.0    9.7188e-04    9.7737e-04   -5.6151e-03   -1.4661e-03
  219.0    9.6559e-04    9.7737e-04   -1.2059e-02    2.3485e-03
  222.0    9.7055e-04    9.7737e-04   -6.9784e-03   -1.5324e-02
  225.0    9.7654e-04    9.7737e-04   -8.5455e-04   -4.0664e-02
  228.0    9.7055e-04    9.7737e-04   -6.9784e-03   -2.4107e-02
  231.0    9.6559e-04    9.7737e-04   -1.2059e-02    6.0497e-02
  13    41  13.63   54.0    1.0    0.0   ----------------------------
  111.0    9.6405e-04    9.7592e-04   -1.2157e-02   -7.7534e-02
  114.0    9.7218e-04    9.7592e-04   -3.8258e-03    5.1769e-03
  117.0    9.8223e-04    9.7592e-04    6.4664e-03    5.6571e-02
  120.0    9.8416e-04    9.7592e-04    8.4486e-03    5.8556e-02
  123.0    9.7607e-04    9.7592e-04    1.6320e-04    4.2650e-02
  126.0    9.6972e-04    9.7592e-04   -6.3449e-03    2.0317e-02
  129.0    9.7179e-04    9.7592e-04   -4.2284e-03   -5.7716e-03
  132.0    9.8387e-04    9.7592e-04    8.1507e-03   -1.5034e-02
  135.0    9.7423e-04    9.7592e-04   -1.7229e-03   -4.6673e-02
  138.0    9.7114e-04    9.7592e-04   -4.8965e-03   -4.1976e-02
  141.0    9.7575e-04    9.7592e-04   -1.6600e-04   -5.2205e-02
  144.0    9.8479e-04    9.7592e-04    9.0961e-03   -2.8548e-02
  147.0    9.7353e-04    9.7592e-04   -2.4395e-03   -1.2979e-04
  150.0    9.6909e-04    9.7592e-04   -6.9970e-03    3.5857e-02
  153.0    9.6761e-04    9.7592e-04   -8.5065e-03    2.5682e-02
  156.0    9.8136e-04    9.7592e-04    5.5773e-03    1.0107e-02
  159.0    9.8583e-04    9.7592e-04    1.0163e-02   -1.9692e-03
  162.0    9.8396e-04    9.7592e-04    8.2477e-03    6.9814e-03
  165.0    9.8367e-04    9.7592e-04    7.9454e-03   -2.0606e-02
  168.0    9.7397e-04    9.7592e-04   -1.9945e-03   -2.5322e-02
  171.0    9.6721e-04    9.7592e-04   -8.9221e-03   -1.3468e-02
  174.0    9.6962e-04    9.7592e-04   -6.4465e-03    8.2217e-03
  177.0    9.6086e-04    9.7592e-04   -1.5428e-02    3.4279e-02
  180.0    9.6561e-04    9.7592e-04   -1.0563e-02    4.6291e-02
  183.0    9.6481e-04    9.7592e-04   -1.1379e-02    3.9056e-02
  186.0    9.6288e-04    9.7592e-04   -1.3356e-02   -1.3063e-02
  189.0    9.7442e-04    9.7592e-04   -1.5364e-03   -5.5839e-03
  192.0    9.7112e-04    9.7592e-04   -4.9099e-03    1.1133e-02
  195.0    9.7740e-04    9.7592e-04    1.5217e-03    2.5480e-02
  198.0    9.9386e-04    9.7592e-04    1.8392e-02   -7.9629e-03
  201.0    9.8694e-04    9.7592e-04    1.1293e-02   -3.2604e-02
  204.0    9.7367e-04    9.7592e-04   -2.3037e-03   -5.0582e-02
  207.0    9.6530e-04    9.7592e-04   -1.0876e-02   -3.7029e-02
  210.0    9.6613e-04    9.7592e-04   -1.0022e-02    5.5596e-03
  213.0    9.7917e-04    9.7592e-04    3.3356e-03    4.0302e-02
  216.0    9.8796e-04    9.7592e-04    1.2344e-02    2.5473e-02
  219.0    9.8621e-04    9.7592e-04    1.0553e-02   -9.6613e-03
  222.0    9.8206e-04    9.7592e-04    6.2957e-03   -1.8747e-02
  225.0    9.7999e-04    9.7592e-04    4.1738e-03   -2.3360e-02
  228.0    9.8206e-04    9.7592e-04    6.2959e-03   -3.8827e-03
  231.0    9.8621e-04    9.7592e-04    1.0553e-02    3.4024e-02
  14    41  13.63   57.0    1.0    0.0   ----------------------------
  111.0    9.6995e-04    9.7255e-04   -2.6754e-03    4.9504e-02
  114.0    9.6503e-04    9.7255e-04   -7.7367e-03   -1.9227e-03
  117.0    9.6953e-04    9.7255e-04   -3.1017e-03   -1.8234e-02
  120.0    9.7849e-04    9.7255e-04    6.1063e-03    2.1163e-03
  123.0    9.8394e-04    9.7255e-04    1.1713e-02    2.0171e-03
  126.0    9.7617e-04    9.7255e-04    3.7203e-03   -1.5184e-02
  129.0    9.7089e-04    9.7255e-04   -1.7083e-03   -3.9644e-02
  132.0    9.7675e-04    9.7255e-04    4.3182e-03   -2.6469e-02
  135.0    9.7403e-04    9.7255e-04    1.5241e-03   -1.0971e-02
  138.0    9.7850e-04    9.7255e-04    6.1200e-03   -7.3808e-03
  141.0    9.7786e-04    9.7255e-04    5.4569e-03   -3.7644e-02
  144.0    9.7758e-04    9.7255e-04    5.1684e-03   -1.6183e-02
  147.0    9.6687e-04    9.7255e-04   -5.8402e-03    1.3497e-02
  150.0    9.7335e-04    9.7255e-04    8.2409e-04    5.6186e-02
  153.0    9.8135e-04    9.7255e-04    9.0511e-03    4.6772e-02
  156.0    9.8698e-04    9.7255e-04    1.4836e-02    1.5214e-02
  159.0    9.8168e-04    9.7255e-04    9.3907e-03    2.5436e-02
  162.0    9.6780e-04    9.7255e-04   -4.8860e-03    1.5196e-02
  165.0    9.6540e-04    9.7255e-04   -7.3544e-03    4.0904e-02
  168.0    9.6252e-04    9.7255e-04   -1.0314e-02    1.1048e-02
  171.0    9.6132e-04    9.7255e-04   -1.1549e-02    8.5931e-03
  174.0    9.6965e-04    9.7255e-04   -2.9817e-03   -2.6763e-02
  177.0    9.6762e-04    9.7255e-04   -5.0693e-03   -2.8086e-02
  180.0    9.6884e-04    9.7255e-04   -3.8211e-03   -4.2992e-02
  183.0    9.7122e-04    9.7255e-04   -1.3663e-03   -3.1181e-02
  186.0    9.6551e-04    9.7255e-04   -7.2429e-03   -1.7250e-02
  189.0    9.6383e-04    9.7255e-04   -8.9680e-03    1.3773e-02
  192.0    9.6060e-04    9.7255e-04   -1.2289e-02    1.0038e-02
  195.0    9.6739e-04    9.7255e-04   -5.3096e-03   -4.1567e-04
  198.0    9.7163e-04    9.7255e-04   -9.4950e-04   -2.0845e-02
  201.0    9.7199e-04    9.7255e-04   -5.7596e-04    5.4863e-03
  204.0    9.8627e-04    9.7255e-04    1.4106e-02    2.9192e-03
  207.0    9.9002e-04    9.7255e-04    1.7967e-02    2.1504e-02
  210.0    9.7903e-04    9.7255e-04    6.6663e-03    1.1891e-02
  213.0    9.6989e-04    9.7255e-04   -2.7315e-03    1.5567e-02
  216.0    9.7136e-04    9.7255e-04   -1.2240e-03   -2.2154e-02
  219.0    9.7768e-04    9.7255e-04    5.2687e-03   -1.3421e-02
  222.0    9.6949e-04    9.7255e-04   -3.1465e-03   -1.5756e-02
  225.0    9.5940e-04    9.7255e-04   -1.3527e-02    1.2266e-02
  228.0    9.6949e-04    9.7255e-04   -3.1465e-03    3.5232e-03
  231.0    9.7768e-04    9.7255e-04    5.2688e-03    8.6552e-03
  15    41  13.63   60.0    1.0    0.0   ----------------------------
  111.0    9.8561e-04    9.7650e-04    9.3309e-03    8.2103e-02
  114.0    9.7703e-04    9.7650e-04    5.4133e-04    5.4280e-03
  117.0    9.6761e-04    9.7650e-04   -9.1011e-03   -5.1579e-02
  120.0    9.6667e-04    9.7650e-04   -1.0070e-02   -7.1985e-02
  123.0    9.7911e-04    9.7650e-04    2.6706e-03   -6.1908e-02
  126.0    9.8347e-04    9.7650e-04    7.1359e-03   -2.5408e-02
  129.0    9.7636e-04    9.7650e-04   -1.3846e-04   -5.7373e-03
  132.0    9.6870e-04    9.7650e-04   -7.9910e-03    1.6919e-02
  135.0    9.7362e-04    9.7650e-04   -2.9531e-03    4.0225e-02
  138.0    9.8627e-04    9.7650e-04    1.0008e-02    4.7135e-02
  141.0    9.7332e-04    9.7650e-04   -3.2598e-03    3.8838e-02
  144.0    9.6889e-04    9.7650e-04   -7.7885e-03    1.6332e-02
  147.0    9.7268e-04    9.7650e-04   -3.9098e-03    2.8530e-02
  150.0    9.8431e-04    9.7650e-04    7.9999e-03    8.9473e-03
  153.0    9.8500e-04    9.7650e-04    8.7104e-03   -3.2058e-03
  156.0    9.7358e-04    9.7650e-04   -2.9913e-03   -5.4877e-03
  159.0    9.6704e-04    9.7650e-04   -9.6846e-03    2.5588e-02
  162.0    9.6032e-04    9.7650e-04   -1.6568e-02    5.7749e-02
  165.0    9.6912e-04    9.7650e-04   -7.5538e-03    3.3549e-02
  168.0    9.7850e-04    9.7650e-04    2.0515e-03    1.3210e-02
  171.0    9.7966e-04    9.7650e-04    3.2333e-03   -4.3389e-02
  174.0    9.9180e-04    9.7650e-04    1.5674e-02   -6.1228e-02
  177.0    9.8776e-04    9.7650e-04    1.1536e-02   -8.1454e-02
  180.0    9.8873e-04    9.7650e-04    1.2529e-02   -8.2905e-02
  183.0    9.9500e-04    9.7650e-04    1.8948e-02   -7.4316e-02
  186.0    9.8167e-04    9.7650e-04    5.2934e-03   -4.5045e-02
  189.0    9.8611e-04    9.7650e-04    9.8426e-03   -9.1712e-03
  192.0    9.7930e-04    9.7650e-04    2.8667e-03    3.0589e-02
  195.0    9.6598e-04    9.7650e-04   -1.0777e-02    5.7499e-02
  198.0    9.5940e-04    9.7650e-04   -1.7506e-02    6.3142e-02
  201.0    9.6614e-04    9.7650e-04   -1.0612e-02    3.3780e-02
  204.0    9.8300e-04    9.7650e-04    6.6572e-03    1.5240e-02
  207.0    9.8543e-04    9.7650e-04    9.1419e-03    4.4832e-03
  210.0    9.7674e-04    9.7650e-04    2.4354e-04    1.5213e-02
  213.0    9.6309e-04    9.7650e-04   -1.3736e-02    6.9380e-03
  216.0    9.6246e-04    9.7650e-04   -1.4376e-02    4.5310e-03
  219.0    9.7749e-04    9.7650e-04    1.0184e-03    1.1376e-02
  222.0    9.7932e-04    9.7650e-04    2.8895e-03    1.9487e-02
  225.0    9.7337e-04    9.7650e-04   -3.2033e-03    4.5345e-03
  228.0    9.7932e-04    9.7650e-04    2.8896e-03   -2.1905e-02
  231.0    9.7749e-04    9.7650e-04    1.0184e-03   -3.6503e-02
  16    41  13.63   63.0    1.0    0.0   ----------------------------
  111.0    9.8462e-04    9.8032e-04    4.3850e-03    3.4503e-02
  114.0    9.8900e-04    9.8032e-04    8.8512e-03    2.7105e-03
  117.0    9.7958e-04    9.8032e-04   -7.5811e-04   -3.3497e-02
  120.0    9.6541e-04    9.8032e-04   -1.5217e-02   -1.1026e-02
  123.0    9.6903e-04    9.8032e-04   -1.1518e-02   -3.0871e-02
  126.0    9.8182e-04    9.8032e-04    1.5310e-03   -2.6508e-02
  129.0    9.8198e-04    9.8032e-04    1.6936e-03   -1.0978e-02
  132.0    9.6855e-04    9.8032e-04   -1.2008e-02    4.4921e-03
  135.0    9.7363e-04    9.8032e-04   -6.8235e-03    3.0940e-02
  138.0    9.8621e-04    9.8032e-04    6.0015e-03    2.8810e-02
  141.0    9.6830e-04    9.8032e-04   -1.2259e-02    4.8646e-02
  144.0    9.6926e-04    9.8032e-04   -1.1285e-02    1.7058e-02
  147.0    9.8342e-04    9.8032e-04    3.1544e-03   -2.8525e-02
  150.0    9.8467e-04    9.8032e-04    4.4327e-03   -5.3470e-02
  153.0    9.7402e-04    9.8032e-04   -6.4291e-03   -2.0044e-02
  156.0    9.6105e-04    9.8032e-04   -1.9657e-02    2.9968e-02
  159.0    9.6843e-04    9.8032e-04   -1.2129e-02    5.5871e-02
  162.0    9.7515e-04    9.8032e-04   -5.2767e-03    6.6924e-02
  165.0    9.8654e-04    9.8032e-04    6.3411e-03    3.1940e-02
  168.0    9.9492e-04    9.8032e-04    1.4887e-02    1.6563e-02
  171.0    9.8691e-04    9.8032e-04    6.7178e-03   -2.2301e-02
  174.0    9.9464e-04    9.8032e-04    1.4607e-02   -2.0118e-02
  177.0    9.8310e-04    9.8032e-04    2.8291e-03   -4.6966e-02
  180.0    9.8769e-04    9.8032e-04    7.5117e-03   -2.7549e-02
  183.0    9.8974e-04    9.8032e-04    9.6052e-03   -5.2924e-02
  186.0    9.8265e-04    9.8032e-04    2.3738e-03   -5.2781e-02
  189.0    1.0002e-03    9.8032e-04    2.0230e-02   -5.8630e-02
  192.0    9.8763e-04    9.8032e-04    7.4552e-03   -2.8886e-02
  195.0    9.8309e-04    9.8032e-04    2.8223e-03    2.8338e-02
  198.0    9.8240e-04    9.8032e-04    2.1198e-03    3.1307e-02
  201.0    9.6957e-04    9.8032e-04   -1.0969e-02    2.4804e-02
  204.0    9.5989e-04    9.8032e-04   -2.0841e-02   -5.7552e-03
  207.0    9.6420e-04    9.8032e-04   -1.6450e-02    3.2558e-03
  210.0    9.8261e-04    9.8032e-04    2.3347e-03    1.0419e-02
  213.0    9.8722e-04    9.8032e-04    7.0313e-03   -7.0099e-03
  216.0    9.8163e-04    9.8032e-04    1.3379e-03    1.1499e-02
  219.0    9.8111e-04    9.8032e-04    8.0705e-04    5.0039e-02
  222.0    9.8610e-04    9.8032e-04    5.8942e-03    9.7487e-02
  225.0    9.9008e-04    9.8032e-04    9.9537e-03    6.3589e-02
  228.0    9.8610e-04    9.8032e-04    5.8942e-03   -1.7767e-02
  231.0    9.8111e-04    9.8032e-04    8.0705e-04   -1.3273e-01
  17    41  13.63   66.0    1.0    0.0   ----------------------------
  111.0    9.6966e-04    9.7595e-04   -6.4427e-03    4.5579e-03
  114.0    9.8469e-04    9.7595e-04    8.9570e-03    1.2457e-02
  117.0    9.8867e-04    9.7595e-04    1.3035e-02    2.0778e-02
  120.0    9.7534e-04    9.7595e-04   -6.2490e-04   -2.6989e-02
  123.0    9.6665e-04    9.7595e-04   -9.5247e-03   -1.6422e-02
  126.0    9.7381e-04    9.7595e-04   -2.1853e-03   -2.2255e-02
  129.0    9.8181e-04    9.7595e-04    6.0079e-03   -3.4049e-04
  132.0    9.7569e-04    9.7595e-04   -2.5934e-04   -4.6006e-03
  135.0    9.7400e-04    9.7595e-04   -1.9963e-03   -1.8625e-02
  138.0    9.7898e-04    9.7595e-04    3.1039e-03    1.6186e-02
  141.0    9.6900e-04    9.7595e-04   -7.1199e-03    4.8483e-02
  144.0    9.7683e-04    9.7595e-04    9.0194e-04    4.6018e-02
  147.0    9.8674e-04    9.7595e-04    1.1061e-02   -1.0630e-02
  150.0    9.7416e-04    9.7595e-04   -1.8360e-03   -6.2267e-02
  153.0    9.6486e-04    9.7595e-04   -1.1364e-02   -3.9014e-02
  156.0    9.6525e-04    9.7595e-04   -1.0958e-02    1.7466e-02
  159.0    9.8324e-04    9.7595e-04    7.4730e-03    4.3599e-02
  162.0    9.9026e-04    9.7595e-04    1.4663e-02    2.9235e-02
  165.0    9.8913e-04    9.7595e-04    1.3512e-02    1.7990e-02
  168.0    9.8756e-04    9.7595e-04    1.1903e-02    6.5581e-03
  171.0    9.7165e-04    9.7595e-04   -4.4065e-03   -2.2748e-04
  174.0    9.7455e-04    9.7595e-04   -1.4296e-03   -3.0330e-02
  177.0    9.6224e-04    9.7595e-04   -1.4048e-02   -4.2641e-02
  180.0    9.6838e-04    9.7595e-04   -7.7515e-03   -3.7304e-02
  183.0    9.6481e-04    9.7595e-04   -1.1413e-02   -1.5905e-02
  186.0    9.6858e-04    9.7595e-04   -7.5498e-03    6.6580e-03
  189.0    9.8193e-04    9.7595e-04    6.1308e-03    1.2928e-02
  192.0    9.7506e-04    9.7595e-04   -9.0909e-04    1.4656e-02
  195.0    9.9610e-04    9.7595e-04    2.0649e-02    3.1378e-02
  198.0    9.9583e-04    9.7595e-04    2.0375e-02    2.2104e-02
  201.0    9.7426e-04    9.7595e-04   -1.7253e-03    2.5796e-02
  204.0    9.6200e-04    9.7595e-04   -1.4293e-02   -4.8175e-03
  207.0    9.6650e-04    9.7595e-04   -9.6755e-03   -4.9571e-03
  210.0    9.8487e-04    9.7595e-04    9.1451e-03   -4.4038e-02
  213.0    9.9286e-04    9.7595e-04    1.7328e-02   -3.1319e-02
  216.0    9.8229e-04    9.7595e-04    6.4982e-03   -3.8567e-03
  219.0    9.6244e-04    9.7595e-04   -1.3841e-02    2.1676e-02
  222.0    9.6600e-04    9.7595e-04   -1.0196e-02    2.8755e-02
  225.0    9.7872e-04    9.7595e-04    2.8415e-03    6.5927e-04
  228.0    9.6600e-04    9.7595e-04   -1.0196e-02   -3.9210e-03
  231.0    9.6244e-04    9.7595e-04   -1.3841e-02   -7.5541e-03
  18    41  13.63   69.0    1.0    0.0   ----------------------------
  111.0    9.6005e-04    9.7141e-04   -1.1699e-02    5.6681e-02
  114.0    9.7112e-04    9.7141e-04   -3.0315e-04    1.2929e-02
  117.0    9.8541e-04    9.7141e-04    1.4405e-02   -2.4320e-02
  120.0    9.8489e-04    9.7141e-04    1.3875e-02   -4.7138e-02
  123.0    9.7367e-04    9.7141e-04    2.3171e-03   -4.4052e-02
  126.0    9.6717e-04    9.7141e-04   -4.3739e-03   -2.1100e-02
  129.0    9.7625e-04    9.7141e-04    4.9764e-03   -8.5998e-04
  132.0    9.8360e-04    9.7141e-04    1.2543e-02    1.9854e-02
  135.0    9.7421e-04    9.7141e-04    2.8769e-03    1.2304e-02
  138.0    9.7063e-04    9.7141e-04   -8.0740e-04    2.3902e-02
  141.0    9.7468e-04    9.7141e-04    3.3635e-03    4.2784e-02
  144.0    9.8323e-04    9.7141e-04    1.2165e-02    2.1828e-02
  147.0    9.8056e-04    9.7141e-04    9.4142e-03   -9.9606e-03
  150.0    9.6452e-04    9.7141e-04   -7.0945e-03   -5.5166e-02
  153.0    9.6774e-04    9.7141e-04   -3.7865e-03   -3.5335e-02
  156.0    9.7917e-04    9.7141e-04    7.9815e-03   -1.1701e-02
  159.0    9.9221e-04    9.7141e-04    2.1403e-02    1.9627e-02
  162.0    9.8851e-04    9.7141e-04    1.7600e-02    1.1072e-02
  165.0    9.7449e-04    9.7141e-04    3.1610e-03    5.2143e-03
  168.0    9.6892e-04    9.7141e-04   -2.5716e-03   -3.8574e-03
  171.0    9.5601e-04    9.7141e-04   -1.5857e-02    3.5885e-02
  174.0    9.5968e-04    9.7141e-04   -1.2085e-02    2.9935e-02
  177.0    9.5458e-04    9.7141e-04   -1.7329e-02    2.0826e-02
  180.0    9.5796e-04    9.7141e-04   -1.3849e-02   -1.7290e-02
  183.0    9.5512e-04    9.7141e-04   -1.6778e-02   -5.4064e-03
  186.0    9.5867e-04    9.7141e-04   -1.3122e-02   -2.5175e-02
  189.0    9.5880e-04    9.7141e-04   -1.2988e-02    2.6254e-04
  192.0    9.6178e-04    9.7141e-04   -9.9175e-03   -2.6269e-03
  195.0    9.8576e-04    9.7141e-04    1.4766e-02    2.5527e-02
  198.0    9.8239e-04    9.7141e-04    1.1303e-02    2.0110e-03
  201.0    9.8424e-04    9.7141e-04    1.3205e-02    1.3884e-02
  204.0    9.8717e-04    9.7141e-04    1.6218e-02    1.1968e-02
  207.0    9.7552e-04    9.7141e-04    4.2229e-03   -2.0148e-02
  210.0    9.6691e-04    9.7141e-04   -4.6401e-03   -4.0176e-02
  213.0    9.7242e-04    9.7141e-04    1.0329e-03   -4.6033e-02
  216.0    9.7509e-04    9.7141e-04    3.7845e-03   -4.8067e-03
  219.0    9.5774e-04    9.7141e-04   -1.4076e-02    2.1693e-02
  222.0    9.6158e-04    9.7141e-04   -1.0129e-02   -5.3406e-04
  225.0    9.7627e-04    9.7141e-04    4.9961e-03    6.8596e-05
  228.0    9.6158e-04    9.7141e-04   -1.0129e-02   -3.2512e-03
  231.0    9.5774e-04    9.7141e-04   -1.4076e-02    3.0212e-02
  19    41  13.63   72.0    1.0    0.0   ----------------------------
  111.0    9.6394e-04    9.7239e-04   -8.6940e-03   -4.5857e-02
  114.0    9.6211e-04    9.7239e-04   -1.0573e-02   -2.0811e-02
  117.0    9.7463e-04    9.7239e-04    2.2979e-03   -1.8817e-04
  120.0    9.8644e-04    9.7239e-04    1.4445e-02    3.2241e-02
  123.0    9.8318e-04    9.7239e-04    1.1093e-02    3.7311e-02
  126.0    9.6593e-04    9.7239e-04   -6.6426e-03    3.7041e-02
  129.0    9.6997e-04    9.7239e-04   -2.4908e-03   -1.9961e-03
  132.0    9.8754e-04    9.7239e-04    1.5579e-02    2.6812e-02
  135.0    9.7425e-04    9.7239e-04    1.9083e-03    2.6184e-02
  138.0    9.6621e-04    9.7239e-04   -6.3598e-03    1.1326e-02
  141.0    9.8097e-04    9.7239e-04    8.8167e-03   -7.2880e-03
  144.0    9.8404e-04    9.7239e-04    1.1975e-02   -9.4223e-03
  147.0    9.7130e-04    9.7239e-04   -1.1300e-03   -2.4928e-02
  150.0    9.6303e-04    9.7239e-04   -9.6310e-03   -9.1082e-02
  153.0    9.7811e-04    9.7239e-04    5.8801e-03   -7.3257e-02
  156.0    9.8898e-04    9.7239e-04    1.7054e-02   -2.0920e-02
  159.0    9.8765e-04    9.7239e-04    1.5686e-02    6.5417e-02
  162.0    9.7543e-04    9.7239e-04    3.1266e-03    3.5777e-02
  165.0    9.5941e-04    9.7239e-04   -1.3355e-02    4.3288e-02
  168.0    9.5972e-04    9.7239e-04   -1.3039e-02   -2.4941e-02
  171.0    9.5617e-04    9.7239e-04   -1.6687e-02   -2.4014e-02
  174.0    9.6372e-04    9.7239e-04   -8.9225e-03   -3.0105e-02
  177.0    9.6606e-04    9.7239e-04   -6.5158e-03    2.7130e-04
  180.0    9.6548e-04    9.7239e-04   -7.1130e-03    2.5675e-02
  183.0    9.6778e-04    9.7239e-04   -4.7445e-03   -8.9069e-03
  186.0    9.6192e-04    9.7239e-04   -1.0769e-02   -4.9613e-03
  189.0    9.5662e-04    9.7239e-04   -1.6222e-02   -1.5606e-02
  192.0    9.5932e-04    9.7239e-04   -1.3446e-02    1.7231e-02
  195.0    9.6490e-04    9.7239e-04   -7.7065e-03    5.1319e-02
  198.0    9.6446e-04    9.7239e-04   -8.1581e-03    7.1924e-02
  201.0    9.9135e-04    9.7239e-04    1.9498e-02    4.2410e-02
  204.0    9.9997e-04    9.7239e-04    2.8360e-02    1.8820e-02
  207.0    9.7605e-04    9.7239e-04    3.7640e-03   -7.5409e-02
  210.0    9.5303e-04    9.7239e-04   -1.9916e-02   -4.3317e-02
  213.0    9.6146e-04    9.7239e-04   -1.1246e-02   -6.4748e-02
  216.0    9.8131e-04    9.7239e-04    9.1697e-03   -1.3447e-02
  219.0    9.7702e-04    9.7239e-04    4.7547e-03    2.1007e-02
  222.0    9.7798e-04    9.7239e-04    5.7458e-03    4.6377e-02
  225.0    9.8572e-04    9.7239e-04    1.3702e-02    2.2611e-02
  228.0    9.7798e-04    9.7239e-04    5.7458e-03   -2.8860e-02
  231.0    9.7702e-04    9.7239e-04    4.7547e-03   -7.4749e-04

fitted parameters ( nfit =  0  nfollow =  0  )

   r-factora =    1.0124   r-factorb =   -0.9408

    0     0.00      1.0    4.086           general vinner tdebye lattice
    1  0.00000  0.00000  1.00000  1.00000  layer spacing length units
                                           unit: lattice constant

   r-factora=sum((chic-chie)*(chic-chie))/(sum(chic*chic+chie*chie)
   r-factorb=sum(chic*chic-chie*chie)/sum(chic*chic+chie*chie)

This calculation took    0 processor seconds on    1 Linux Cluster
     starting on Thu Aug  6 23:09:22 2026
   and ending on Thu Aug  6 23:09:22 2026

