    721    14   256     datakind beginning-row linenumbers
 ----------------------------------------------------------------
                     David A. Shirley's group
               Pennsylvania State University (PSU)
           Lawrence Berkeley National Laboratory (LBNL)
      Copyright (c) 1995-1996 DAS group. All rights reserved
 ----------------------------------------------------------------

         1 2p           1 radial matrix data

        binding energy =  755.851 eV

            k     R(li+1)    phase(li+1)     R(li-1)    phase(li-1)
       5.0000    0.34162E-01      2.6870    0.91806E-02      0.9957
       5.0500    0.34441E-01      2.6829    0.92361E-02      0.9812
       5.1000    0.34723E-01      2.6789    0.92905E-02      0.9669
       5.1500    0.35007E-01      2.6751    0.93439E-02      0.9527
       5.2000    0.35293E-01      2.6714    0.93963E-02      0.9387
       5.2500    0.35581E-01      2.6680    0.94476E-02      0.9248
       5.3000    0.35872E-01      2.6647    0.94979E-02      0.9111
       5.3500    0.36164E-01      2.6615    0.95470E-02      0.8976
       5.4000    0.36458E-01      2.6586    0.95951E-02      0.8842
       5.4500    0.36754E-01      2.6558    0.96420E-02      0.8709
       5.5000    0.37050E-01      2.6533    0.96877E-02      0.8578
       5.5500    0.37347E-01      2.6509    0.97322E-02      0.8449
       5.6000    0.37645E-01      2.6487    0.97755E-02      0.8320
       5.6500    0.37944E-01      2.6467    0.98176E-02      0.8194
       5.7000    0.38242E-01      2.6450    0.98584E-02      0.8068
       5.7500    0.38540E-01      2.6434    0.98979E-02      0.7944
       5.8000    0.38837E-01      2.6420    0.99361E-02      0.7822
       5.8500    0.39133E-01      2.6409    0.99730E-02      0.7700
       5.9000    0.39427E-01      2.6400    0.10008E-01      0.7581
       5.9500    0.39720E-01      2.6392    0.10043E-01      0.7462
       6.0000    0.40010E-01      2.6387    0.10075E-01      0.7344
       6.0500    0.40297E-01      2.6384    0.10107E-01      0.7228
       6.1000    0.40581E-01      2.6384    0.10137E-01      0.7113
       6.1500    0.40862E-01      2.6385    0.10165E-01      0.7000
       6.2000    0.41138E-01      2.6389    0.10192E-01      0.6887
       6.2500    0.41409E-01      2.6395    0.10217E-01      0.6776
       6.3000    0.41676E-01      2.6402    0.10241E-01      0.6665
       6.3500    0.41936E-01      2.6412    0.10264E-01      0.6556
       6.4000    0.42190E-01      2.6424    0.10284E-01      0.6448
       6.4500    0.42437E-01      2.6438    0.10304E-01      0.6340
       6.5000    0.42677E-01      2.6454    0.10322E-01      0.6234
       6.5500    0.42909E-01      2.6472    0.10338E-01      0.6129
       6.6000    0.43132E-01      2.6491    0.10352E-01      0.6024
       6.6500    0.43346E-01      2.6513    0.10365E-01      0.5921
       6.7000    0.43551E-01      2.6536    0.10377E-01      0.5818
       6.7500    0.43745E-01      2.6561    0.10387E-01      0.5716
       6.8000    0.43929E-01      2.6587    0.10395E-01      0.5615
       6.8500    0.44102E-01      2.6615    0.10401E-01      0.5514
       6.9000    0.44263E-01      2.6644    0.10407E-01      0.5415
       6.9500    0.44412E-01      2.6675    0.10410E-01      0.5316
       7.0000    0.44549E-01      2.6706    0.10412E-01      0.5217
       7.0500    0.44674E-01      2.6739    0.10412E-01      0.5119
       7.1000    0.44785E-01      2.6773    0.10411E-01      0.5022
       7.1500    0.44883E-01      2.6807    0.10408E-01      0.4925
       7.2000    0.44967E-01      2.6842    0.10404E-01      0.4829
       7.2500    0.45038E-01      2.6878    0.10398E-01      0.4733
       7.3000    0.45094E-01      2.6914    0.10391E-01      0.4637
       7.3500    0.45137E-01      2.6951    0.10382E-01      0.4542
       7.4000    0.45166E-01      2.6987    0.10372E-01      0.4447
       7.4500    0.45180E-01      2.7024    0.10360E-01      0.4352
       7.5000    0.45181E-01      2.7061    0.10347E-01      0.4258
       7.5500    0.45167E-01      2.7097    0.10333E-01      0.4164
       7.6000    0.45140E-01      2.7134    0.10317E-01      0.4070
       7.6500    0.45099E-01      2.7169    0.10300E-01      0.3976
       7.7000    0.45045E-01      2.7205    0.10282E-01      0.3883
       7.7500    0.44977E-01      2.7239    0.10262E-01      0.3789
       7.8000    0.44897E-01      2.7273    0.10242E-01      0.3696
       7.8500    0.44804E-01      2.7306    0.10220E-01      0.3602
       7.9000    0.44700E-01      2.7338    0.10196E-01      0.3509
       7.9500    0.44583E-01      2.7369    0.10172E-01      0.3415
       8.0000    0.44456E-01      2.7398    0.10147E-01      0.3322
       8.0500    0.44317E-01      2.7427    0.10121E-01      0.3228
       8.1000    0.44169E-01      2.7454    0.10093E-01      0.3135
       8.1500    0.44011E-01      2.7479    0.10065E-01      0.3041
       8.2000    0.43844E-01      2.7504    0.10036E-01      0.2947
       8.2500    0.43668E-01      2.7526    0.10006E-01      0.2853
       8.3000    0.43483E-01      2.7547    0.99746E-02      0.2759
       8.3500    0.43292E-01      2.7566    0.99429E-02      0.2665
       8.4000    0.43093E-01      2.7584    0.99104E-02      0.2570
       8.4500    0.42888E-01      2.7599    0.98772E-02      0.2475
       8.5000    0.42678E-01      2.7613    0.98433E-02      0.2380
       8.5500    0.42461E-01      2.7625    0.98087E-02      0.2285
       8.6000    0.42240E-01      2.7635    0.97736E-02      0.2189
       8.6500    0.42015E-01      2.7644    0.97379E-02      0.2093
       8.7000    0.41786E-01      2.7650    0.97016E-02      0.1997
       8.7500    0.41554E-01      2.7655    0.96649E-02      0.1901
       8.8000    0.41318E-01      2.7658    0.96277E-02      0.1804
       8.8500    0.41081E-01      2.7659    0.95902E-02      0.1707
       8.9000    0.40842E-01      2.7658    0.95522E-02      0.1610
       8.9500    0.40601E-01      2.7655    0.95140E-02      0.1512
       9.0000    0.40359E-01      2.7650    0.94754E-02      0.1414
       9.0500    0.40116E-01      2.7644    0.94365E-02      0.1316
       9.1000    0.39873E-01      2.7635    0.93974E-02      0.1217
       9.1500    0.39631E-01      2.7625    0.93582E-02      0.1118
       9.2000    0.39388E-01      2.7613    0.93187E-02      0.1019
       9.2500    0.39146E-01      2.7600    0.92791E-02      0.0920
       9.3000    0.38905E-01      2.7585    0.92395E-02      0.0820
       9.3500    0.38666E-01      2.7568    0.91997E-02      0.0720
       9.4000    0.38428E-01      2.7550    0.91599E-02      0.0619
       9.4500    0.38191E-01      2.7530    0.91200E-02      0.0518
       9.5000    0.37957E-01      2.7509    0.90802E-02      0.0417
       9.5500    0.37725E-01      2.7486    0.90404E-02      0.0316
       9.6000    0.37495E-01      2.7462    0.90006E-02      0.0214
       9.6500    0.37267E-01      2.7436    0.89609E-02      0.0112
       9.7000    0.37042E-01      2.7409    0.89213E-02      0.0010
       9.7500    0.36820E-01      2.7381    0.88819E-02     -0.0093
       9.8000    0.36601E-01      2.7352    0.88426E-02     -0.0195
       9.8500    0.36385E-01      2.7322    0.88034E-02     -0.0298
       9.9000    0.36172E-01      2.7290    0.87644E-02     -0.0401
       9.9500    0.35963E-01      2.7257    0.87257E-02     -0.0505
      10.0000    0.35756E-01      2.7224    0.86871E-02     -0.0608
      10.0500    0.35553E-01      2.7189    0.86488E-02     -0.0712
      10.1000    0.35353E-01      2.7154    0.86107E-02     -0.0816
      10.1500    0.35157E-01      2.7118    0.85729E-02     -0.0920
      10.2000    0.34964E-01      2.7081    0.85353E-02     -0.1025
      10.2500    0.34775E-01      2.7043    0.84981E-02     -0.1129
      10.3000    0.34589E-01      2.7004    0.84611E-02     -0.1234
      10.3500    0.34407E-01      2.6965    0.84245E-02     -0.1338
      10.4000    0.34229E-01      2.6925    0.83881E-02     -0.1443
      10.4500    0.34054E-01      2.6885    0.83521E-02     -0.1548
      10.5000    0.33882E-01      2.6844    0.83165E-02     -0.1653
      10.5500    0.33714E-01      2.6803    0.82812E-02     -0.1758
      10.6000    0.33550E-01      2.6762    0.82462E-02     -0.1863
      10.6500    0.33389E-01      2.6720    0.82119E-02     -0.1968
      10.7000    0.33232E-01      2.6678    0.81777E-02     -0.2073
      10.7500    0.33078E-01      2.6635    0.81438E-02     -0.2178
      10.8000    0.32927E-01      2.6593    0.81103E-02     -0.2283
      10.8500    0.32779E-01      2.6550    0.80772E-02     -0.2388
      10.9000    0.32635E-01      2.6507    0.80445E-02     -0.2493
      10.9500    0.32494E-01      2.6464    0.80122E-02     -0.2597
      11.0000    0.32357E-01      2.6422    0.79803E-02     -0.2702
      11.0500    0.32222E-01      2.6379    0.79487E-02     -0.2806
      11.1000    0.32090E-01      2.6336    0.79176E-02     -0.2911
      11.1500    0.31961E-01      2.6293    0.78868E-02     -0.3015
      11.2000    0.31836E-01      2.6251    0.78565E-02     -0.3119
      11.2500    0.31713E-01      2.6209    0.78265E-02     -0.3223
      11.3000    0.31593E-01      2.6166    0.77969E-02     -0.3327
      11.3500    0.31475E-01      2.6125    0.77678E-02     -0.3430
      11.4000    0.31361E-01      2.6083    0.77390E-02     -0.3533
      11.4500    0.31248E-01      2.6042    0.77106E-02     -0.3636
      11.5000    0.31138E-01      2.6002    0.76826E-02     -0.3739
      11.5500    0.31031E-01      2.5961    0.76550E-02     -0.3842
      11.6000    0.30925E-01      2.5921    0.76277E-02     -0.3944
      11.6500    0.30822E-01      2.5882    0.76008E-02     -0.4046
      11.7000    0.30721E-01      2.5843    0.75744E-02     -0.4147
      11.7500    0.30622E-01      2.5805    0.75483E-02     -0.4248
      11.8000    0.30525E-01      2.5767    0.75226E-02     -0.4349
      11.8500    0.30429E-01      2.5730    0.74972E-02     -0.4449
      11.9000    0.30336E-01      2.5694    0.74722E-02     -0.4549
      11.9500    0.30243E-01      2.5658    0.74475E-02     -0.4649
      12.0000    0.30153E-01      2.5623    0.74231E-02     -0.4748
      12.0500    0.30063E-01      2.5589    0.73991E-02     -0.4847
      12.1000    0.29975E-01      2.5555    0.73755E-02     -0.4945
      12.1500    0.29888E-01      2.5522    0.73521E-02     -0.5042
      12.2000    0.29802E-01      2.5490    0.73290E-02     -0.5140
      12.2500    0.29717E-01      2.5459    0.73063E-02     -0.5236
      12.3000    0.29632E-01      2.5428    0.72839E-02     -0.5333
      12.3500    0.29549E-01      2.5399    0.72617E-02     -0.5428
      12.4000    0.29466E-01      2.5370    0.72399E-02     -0.5523
      12.4500    0.29383E-01      2.5342    0.72183E-02     -0.5618
      12.5000    0.29301E-01      2.5314    0.71969E-02     -0.5712
      12.5500    0.29219E-01      2.5288    0.71758E-02     -0.5805
      12.6000    0.29137E-01      2.5262    0.71550E-02     -0.5898
      12.6500    0.29055E-01      2.5238    0.71344E-02     -0.5990
      12.7000    0.28973E-01      2.5214    0.71140E-02     -0.6082
      12.7500    0.28891E-01      2.5191    0.70938E-02     -0.6173
      12.8000    0.28808E-01      2.5169    0.70739E-02     -0.6263
      12.8500    0.28725E-01      2.5147    0.70541E-02     -0.6353
      12.9000    0.28642E-01      2.5127    0.70345E-02     -0.6442
      12.9500    0.28558E-01      2.5107    0.70151E-02     -0.6530
      13.0000    0.28473E-01      2.5088    0.69958E-02     -0.6618
      13.0500    0.28388E-01      2.5070    0.69767E-02     -0.6705
      13.1000    0.28301E-01      2.5053    0.69577E-02     -0.6791
      13.1500    0.28214E-01      2.5036    0.69389E-02     -0.6876
      13.2000    0.28125E-01      2.5021    0.69201E-02     -0.6961
      13.2500    0.28035E-01      2.5006    0.69015E-02     -0.7046
      13.3000    0.27944E-01      2.4991    0.68829E-02     -0.7129
      13.3500    0.27852E-01      2.4978    0.68645E-02     -0.7212
      13.4000    0.27758E-01      2.4965    0.68460E-02     -0.7294
      13.4500    0.27663E-01      2.4952    0.68277E-02     -0.7375
      13.5000    0.27567E-01      2.4940    0.68094E-02     -0.7456
      13.5500    0.27469E-01      2.4929    0.67911E-02     -0.7535
      13.6000    0.27369E-01      2.4919    0.67728E-02     -0.7615
      13.6500    0.27267E-01      2.4908    0.67546E-02     -0.7693
      13.7000    0.27164E-01      2.4899    0.67363E-02     -0.7771
      13.7500    0.27060E-01      2.4890    0.67180E-02     -0.7848
      13.8000    0.26953E-01      2.4881    0.66997E-02     -0.7924
      13.8500    0.26845E-01      2.4872    0.66813E-02     -0.7999
      13.9000    0.26735E-01      2.4864    0.66629E-02     -0.8074
      13.9500    0.26624E-01      2.4856    0.66445E-02     -0.8148
      14.0000    0.26510E-01      2.4849    0.66259E-02     -0.8222
      14.0500    0.26395E-01      2.4841    0.66073E-02     -0.8294
      14.1000    0.26278E-01      2.4834    0.65886E-02     -0.8366
      14.1500    0.26160E-01      2.4827    0.65698E-02     -0.8438
      14.2000    0.26040E-01      2.4820    0.65508E-02     -0.8508
      14.2500    0.25918E-01      2.4813    0.65318E-02     -0.8578
      14.3000    0.25795E-01      2.4806    0.65126E-02     -0.8648
      14.3500    0.25670E-01      2.4799    0.64932E-02     -0.8716
      14.4000    0.25543E-01      2.4793    0.64737E-02     -0.8784
      14.4500    0.25416E-01      2.4786    0.64541E-02     -0.8852
      14.5000    0.25286E-01      2.4778    0.64343E-02     -0.8919
      14.5500    0.25156E-01      2.4771    0.64143E-02     -0.8985
      14.6000    0.25024E-01      2.4764    0.63941E-02     -0.9051
      14.6500    0.24891E-01      2.4756    0.63737E-02     -0.9116
      14.7000    0.24757E-01      2.4748    0.63532E-02     -0.9180
      14.7500    0.24622E-01      2.4739    0.63325E-02     -0.9245
      14.8000    0.24486E-01      2.4731    0.63115E-02     -0.9308
      14.8500    0.24349E-01      2.4722    0.62904E-02     -0.9371
      14.9000    0.24211E-01      2.4713    0.62690E-02     -0.9434
      14.9500    0.24073E-01      2.4703    0.62474E-02     -0.9496
      15.0000    0.23934E-01      2.4693    0.62256E-02     -0.9557
      15.0500    0.23795E-01      2.4682    0.62036E-02     -0.9619
      15.1000    0.23655E-01      2.4671    0.61814E-02     -0.9680
      15.1500    0.23514E-01      2.4659    0.61590E-02     -0.9740
      15.2000    0.23374E-01      2.4647    0.61363E-02     -0.9800
      15.2500    0.23233E-01      2.4635    0.61135E-02     -0.9860
      15.3000    0.23093E-01      2.4622    0.60904E-02     -0.9919
      15.3500    0.22952E-01      2.4608    0.60671E-02     -0.9978
      15.4000    0.22811E-01      2.4594    0.60435E-02     -1.0037
      15.4500    0.22671E-01      2.4579    0.60198E-02     -1.0096
      15.5000    0.22530E-01      2.4564    0.59959E-02     -1.0154
      15.5500    0.22391E-01      2.4548    0.59717E-02     -1.0212
      15.6000    0.22251E-01      2.4531    0.59474E-02     -1.0270
      15.6500    0.22112E-01      2.4514    0.59229E-02     -1.0328
      15.7000    0.21974E-01      2.4497    0.58981E-02     -1.0385
      15.7500    0.21836E-01      2.4478    0.58732E-02     -1.0443
      15.8000    0.21699E-01      2.4460    0.58482E-02     -1.0500
      15.8500    0.21562E-01      2.4440    0.58229E-02     -1.0557
      15.9000    0.21427E-01      2.4420    0.57975E-02     -1.0614
      15.9500    0.21292E-01      2.4400    0.57719E-02     -1.0671
      16.0000    0.21158E-01      2.4379    0.57462E-02     -1.0728
      16.0500    0.21026E-01      2.4357    0.57204E-02     -1.0785
      16.1000    0.20894E-01      2.4335    0.56944E-02     -1.0842
      16.1500    0.20763E-01      2.4313    0.56683E-02     -1.0899
      16.2000    0.20634E-01      2.4289    0.56421E-02     -1.0956
      16.2500    0.20506E-01      2.4266    0.56158E-02     -1.1013
      16.3000    0.20379E-01      2.4242    0.55894E-02     -1.1070
      16.3500    0.20253E-01      2.4217    0.55630E-02     -1.1127
      16.4000    0.20128E-01      2.4192    0.55364E-02     -1.1185
      16.4500    0.20005E-01      2.4167    0.55098E-02     -1.1242
      16.5000    0.19883E-01      2.4141    0.54831E-02     -1.1299
      16.5500    0.19763E-01      2.4115    0.54564E-02     -1.1357
      16.6000    0.19644E-01      2.4089    0.54297E-02     -1.1414
      16.6500    0.19526E-01      2.4062    0.54030E-02     -1.1472
      16.7000    0.19409E-01      2.4035    0.53762E-02     -1.1530
      16.7500    0.19294E-01      2.4007    0.53494E-02     -1.1588
      16.8000    0.19181E-01      2.3979    0.53227E-02     -1.1646
      16.8500    0.19069E-01      2.3952    0.52960E-02     -1.1705
      16.9000    0.18958E-01      2.3923    0.52693E-02     -1.1763
      16.9500    0.18849E-01      2.3895    0.52426E-02     -1.1822
      17.0000    0.18741E-01      2.3866    0.52160E-02     -1.1881
      17.0500    0.18635E-01      2.3838    0.51894E-02     -1.1940
      17.1000    0.18530E-01      2.3809    0.51630E-02     -1.1999
      17.1500    0.18426E-01      2.3780    0.51366E-02     -1.2059
      17.2000    0.18324E-01      2.3751    0.51103E-02     -1.2119
      17.2500    0.18223E-01      2.3722    0.50840E-02     -1.2179
      17.3000    0.18124E-01      2.3693    0.50579E-02     -1.2239
      17.3500    0.18026E-01      2.3664    0.50319E-02     -1.2299
      17.4000    0.17929E-01      2.3635    0.50061E-02     -1.2359
      17.4500    0.17834E-01      2.3605    0.49803E-02     -1.2420
      17.5000    0.17740E-01      2.3576    0.49547E-02     -1.2481
      17.5500    0.17648E-01      2.3548    0.49293E-02     -1.2542
      17.6000    0.17556E-01      2.3519    0.49039E-02     -1.2603
      17.6500    0.17466E-01      2.3490    0.48788E-02     -1.2665
      17.7000    0.17377E-01      2.3462    0.48538E-02     -1.2726
      17.7500    0.17289E-01      2.3433    0.48290E-02     -1.2788
