   223    26     0     datakind beginning-row multi-curves
-----------------------------------------------------------------
Calculation of photoelectron diffraction and dichroism
MSCD Parallel  Version 1.37 Yufeng Chen and Michel A Van Hove
Lawrence Berkeley National Laboratory (LBNL), Berkeley, CA 94720
Copyright (c) Van Hove Group 1997-1998. All rights reserved
-----------------------------------------------------------------
 angle-resolved photoemission extended fine structure (ARPEFS)
 multiple scattering calculation of Ag(111)-3d
 calculated by Guilherme (IFGW) on Aug  4, 2026

   initial angular momentum (li) = 1   msorder=  8   raorder= 4
   photon polarization angle (polar,azimuth) =(  30.0   0.0 ) (deg)

   radius, depth and lattice constant=   9.0,  20.0 and   4.09 angstrom
   cluster size= 247 atoms and spacings=  0.00  2.17  2.17  1.76 angs
   inner potential=  0.1 V  debye and sample temperature= 174, 300 K
   number of valence electrons=   9     bandgap energy=   0.00 eV
   density of bulk=   8.90 g/cm3     molecular weight=  58.93 amu
   effective weight for kind 1-2 =  107.9   58.9 amu
   half aperture angle=    1.5 deg            pathcut=     0.0050

   photoemission azimuthal scan curves
     parameters: curve point theta phi weightc weighte
     columns: phi intensity background chical chiexp
    19   779    1   19   41  779  ncurve npoint nk ntheta nphi nangle
   1    41  13.63   18.0    1.0    0.0   ----------------------------
  111.0    6.3439e-03    5.8275e-03    8.8602e-02   -1.3333e-02
  114.0    6.3969e-03    5.8275e-03    9.7708e-02   -2.6705e-02
  117.0    6.4488e-03    5.8275e-03    1.0660e-01   -1.1138e-02
  120.0    6.4580e-03    5.8275e-03    1.0818e-01    1.0988e-02
  123.0    6.4475e-03    5.8275e-03    1.0638e-01    1.5717e-02
  126.0    6.3942e-03    5.8275e-03    9.7245e-02    2.5430e-02
  129.0    6.3405e-03    5.8275e-03    8.8030e-02    5.2995e-02
  132.0    6.2581e-03    5.8275e-03    7.3888e-02    5.4504e-02
  135.0    6.1025e-03    5.8275e-03    4.7190e-02    1.1787e-02
  138.0    5.9604e-03    5.8275e-03    2.2806e-02   -2.4085e-02
  141.0    5.7996e-03    5.8275e-03   -4.8008e-03   -4.8855e-02
  144.0    5.5576e-03    5.8275e-03   -4.6322e-02   -1.4787e-02
  147.0    5.3616e-03    5.8275e-03   -7.9951e-02   -2.0491e-02
  150.0    5.3077e-03    5.8275e-03   -8.9199e-02    1.1745e-02
  153.0    5.2020e-03    5.8275e-03   -1.0734e-01   -1.5968e-02
  156.0    5.2072e-03    5.8275e-03   -1.0646e-01   -1.2477e-02
  159.0    5.3576e-03    5.8275e-03   -8.0646e-02   -4.5813e-02
  162.0    5.4326e-03    5.8275e-03   -6.7771e-02   -6.3418e-02
  165.0    5.5777e-03    5.8275e-03   -4.2875e-02   -3.7200e-02
  168.0    5.7983e-03    5.8275e-03   -5.0175e-03   -8.1792e-03
  171.0    5.9044e-03    5.8275e-03    1.3198e-02    2.6642e-02
  174.0    5.9805e-03    5.8275e-03    2.6255e-02    2.0564e-02
  177.0    6.0521e-03    5.8275e-03    3.8531e-02    3.0183e-02
  180.0    6.0409e-03    5.8275e-03    3.6607e-02    7.7510e-02
  183.0    6.0520e-03    5.8275e-03    3.8518e-02    4.6800e-02
  186.0    5.9804e-03    5.8275e-03    2.6230e-02    4.7168e-02
  189.0    5.9042e-03    5.8275e-03    1.3161e-02    1.9678e-02
  192.0    5.7983e-03    5.8275e-03   -5.0250e-03    1.9096e-02
  195.0    5.5776e-03    5.8275e-03   -4.2888e-02   -6.0049e-03
  198.0    5.4327e-03    5.8275e-03   -6.7758e-02   -3.3532e-02
  201.0    5.3578e-03    5.8275e-03   -8.0609e-02   -2.7964e-03
  204.0    5.2074e-03    5.8275e-03   -1.0641e-01   -3.5458e-02
  207.0    5.2022e-03    5.8275e-03   -1.0730e-01   -3.7249e-02
  210.0    5.3079e-03    5.8275e-03   -8.9172e-02   -6.7729e-02
  213.0    5.3616e-03    5.8275e-03   -7.9956e-02   -1.5264e-02
  216.0    5.5574e-03    5.8275e-03   -4.6353e-02   -1.5289e-02
  219.0    5.7992e-03    5.8275e-03   -4.8625e-03    3.4591e-02
  222.0    5.9600e-03    5.8275e-03    2.2732e-02    2.5457e-02
  225.0    6.1021e-03    5.8275e-03    4.7112e-02    3.3885e-02
  228.0    6.2576e-03    5.8275e-03    7.3800e-02    4.5536e-03
  231.0    6.3400e-03    5.8275e-03    8.7944e-02   -1.3528e-02
   2    41  13.63   21.0    1.0    0.0   ----------------------------
  111.0    6.2943e-03    5.9304e-03    6.1349e-02   -7.3413e-02
  114.0    6.2228e-03    5.9304e-03    4.9295e-02    1.8364e-02
  117.0    6.1679e-03    5.9304e-03    4.0032e-02    5.1760e-02
  120.0    6.1350e-03    5.9304e-03    3.4500e-02    6.3395e-02
  123.0    6.1672e-03    5.9304e-03    3.9915e-02    2.5307e-02
  126.0    6.2211e-03    5.9304e-03    4.9008e-02    2.2145e-02
  129.0    6.2914e-03    5.9304e-03    6.0860e-02    1.1997e-02
  132.0    6.3131e-03    5.9304e-03    6.4524e-02    1.2015e-02
  135.0    6.2751e-03    5.9304e-03    5.8124e-02   -7.5110e-03
  138.0    6.1370e-03    5.9304e-03    3.4835e-02   -5.9268e-02
  141.0    5.9185e-03    5.9304e-03   -2.0063e-03   -7.6990e-02
  144.0    5.6951e-03    5.9304e-03   -3.9686e-02   -6.9689e-02
  147.0    5.5322e-03    5.9304e-03   -6.7149e-02   -3.2383e-02
  150.0    5.4493e-03    5.9304e-03   -8.1130e-02   -3.9124e-02
  153.0    5.4408e-03    5.9304e-03   -8.2562e-02   -3.1160e-02
  156.0    5.4894e-03    5.9304e-03   -7.4373e-02   -1.3027e-02
  159.0    5.5983e-03    5.9304e-03   -5.6002e-02    1.0815e-02
  162.0    5.7611e-03    5.9304e-03   -2.8553e-02    2.2556e-02
  165.0    5.8836e-03    5.9304e-03   -7.9049e-03    4.8580e-02
  168.0    5.9132e-03    5.9304e-03   -2.8997e-03    7.8555e-02
  171.0    6.0148e-03    5.9304e-03    1.4217e-02    6.9755e-02
  174.0    6.0698e-03    5.9304e-03    2.3495e-02    1.4306e-02
  177.0    6.1216e-03    5.9304e-03    3.2228e-02   -2.7015e-02
  180.0    6.1311e-03    5.9304e-03    3.3832e-02    2.9564e-04
  183.0    6.1215e-03    5.9304e-03    3.2214e-02   -1.2900e-02
  186.0    6.0696e-03    5.9304e-03    2.3468e-02    3.8259e-02
  189.0    6.0145e-03    5.9304e-03    1.4176e-02    3.4685e-02
  192.0    5.9131e-03    5.9304e-03   -2.9169e-03    5.2255e-02
  195.0    5.8837e-03    5.9304e-03   -7.8768e-03    1.3629e-02
  198.0    5.7615e-03    5.9304e-03   -2.8484e-02    6.6550e-04
  201.0    5.5986e-03    5.9304e-03   -5.5964e-02    1.3659e-02
  204.0    5.4893e-03    5.9304e-03   -7.4392e-02   -9.9448e-03
  207.0    5.4404e-03    5.9304e-03   -8.2625e-02   -6.9394e-02
  210.0    5.4489e-03    5.9304e-03   -8.1199e-02   -9.4282e-02
  213.0    5.5319e-03    5.9304e-03   -6.7198e-02   -6.0676e-02
  216.0    5.6950e-03    5.9304e-03   -3.9705e-02   -3.0548e-02
  219.0    5.9186e-03    5.9304e-03   -1.9997e-03    1.4995e-02
  222.0    6.1372e-03    5.9304e-03    3.4864e-02   -1.6832e-03
  225.0    6.2754e-03    5.9304e-03    5.8172e-02    2.1609e-02
  228.0    6.3135e-03    5.9304e-03    6.4592e-02    1.8540e-02
  231.0    6.2918e-03    5.9304e-03    6.0931e-02    5.1096e-02
   3    41  13.63   24.0    1.0    0.0   ----------------------------
  111.0    7.1175e-03    6.3857e-03    1.1461e-01   -1.2490e-02
  114.0    6.9137e-03    6.3857e-03    8.2693e-02   -3.7491e-03
  117.0    6.7046e-03    6.3857e-03    4.9943e-02    8.2344e-03
  120.0    6.6312e-03    6.3857e-03    3.8460e-02    2.8238e-02
  123.0    6.7051e-03    6.3857e-03    5.0027e-02    1.0912e-02
  126.0    6.9124e-03    6.3857e-03    8.2487e-02    1.0955e-03
  129.0    7.1147e-03    6.3857e-03    1.1418e-01    6.1878e-03
  132.0    7.1697e-03    6.3857e-03    1.2278e-01    3.4016e-02
  135.0    7.1387e-03    6.3857e-03    1.1793e-01    4.1323e-02
  138.0    6.9211e-03    6.3857e-03    8.3859e-02   -1.7176e-03
  141.0    6.5447e-03    6.3857e-03    2.4907e-02   -5.2437e-02
  144.0    6.1499e-03    6.3857e-03   -3.6914e-02   -7.5042e-02
  147.0    5.8215e-03    6.3857e-03   -8.8348e-02   -5.9561e-02
  150.0    5.6158e-03    6.3857e-03   -1.2055e-01   -3.3071e-02
  153.0    5.6198e-03    6.3857e-03   -1.1993e-01   -3.7705e-02
  156.0    5.6608e-03    6.3857e-03   -1.1351e-01   -1.3808e-02
  159.0    5.8316e-03    6.3857e-03   -8.6770e-02   -3.6766e-03
  162.0    6.0344e-03    6.3857e-03   -5.5007e-02    2.5569e-02
  165.0    6.2634e-03    6.3857e-03   -1.9147e-02    1.2107e-02
  168.0    6.3460e-03    6.3857e-03   -6.2112e-03    1.1047e-02
  171.0    6.4061e-03    6.3857e-03    3.1991e-03    2.0907e-02
  174.0    6.3587e-03    6.3857e-03   -4.2185e-03    4.0032e-02
  177.0    6.2893e-03    6.3857e-03   -1.5091e-02    5.1903e-02
  180.0    6.2527e-03    6.3857e-03   -2.0822e-02    6.6655e-02
  183.0    6.2891e-03    6.3857e-03   -1.5113e-02    4.9621e-02
  186.0    6.3587e-03    6.3857e-03   -4.2259e-03    4.4424e-02
  189.0    6.4064e-03    6.3857e-03    3.2550e-03    3.1874e-03
  192.0    6.3467e-03    6.3857e-03   -6.0986e-03    5.5329e-03
  195.0    6.2639e-03    6.3857e-03   -1.9072e-02   -1.3050e-02
  198.0    6.0343e-03    6.3857e-03   -5.5025e-02   -3.5530e-03
  201.0    5.8311e-03    6.3857e-03   -8.6847e-02   -3.3395e-02
  204.0    5.6602e-03    6.3857e-03   -1.1360e-01   -5.9305e-02
  207.0    5.6192e-03    6.3857e-03   -1.2002e-01   -8.9953e-02
  210.0    5.6158e-03    6.3857e-03   -1.2056e-01   -5.4632e-02
  213.0    5.8217e-03    6.3857e-03   -8.8321e-02   -4.5909e-02
  216.0    6.1504e-03    6.3857e-03   -3.6844e-02   -1.0786e-02
  219.0    6.5453e-03    6.3857e-03    2.4996e-02   -5.8877e-03
  222.0    6.9214e-03    6.3857e-03    8.3902e-02    7.6230e-02
  225.0    7.1390e-03    6.3857e-03    1.1797e-01    8.7268e-02
  228.0    7.1699e-03    6.3857e-03    1.2281e-01    4.8655e-02
  231.0    7.1151e-03    6.3857e-03    1.1424e-01   -6.3132e-02
   4    41  13.63   27.0    1.0    0.0   ----------------------------
  111.0    7.8261e-03    7.1138e-03    1.0013e-01    2.4692e-02
  114.0    7.5960e-03    7.1138e-03    6.7787e-02   -1.9055e-03
  117.0    7.4224e-03    7.1138e-03    4.3376e-02    2.6585e-03
  120.0    7.3743e-03    7.1138e-03    3.6614e-02   -2.3271e-03
  123.0    7.4229e-03    7.1138e-03    4.3449e-02    1.8172e-02
  126.0    7.5969e-03    7.1138e-03    6.7904e-02   -1.2133e-02
  129.0    7.8246e-03    7.1138e-03    9.9915e-02   -1.4493e-03
  132.0    7.9627e-03    7.1138e-03    1.1934e-01   -4.7537e-03
  135.0    8.1030e-03    7.1138e-03    1.3905e-01    1.7658e-02
  138.0    7.9589e-03    7.1138e-03    1.1879e-01    1.9383e-03
  141.0    7.5545e-03    7.1138e-03    6.1941e-02   -2.0774e-02
  144.0    6.9181e-03    7.1138e-03   -2.7511e-02   -1.8127e-02
  147.0    6.2433e-03    7.1138e-03   -1.2237e-01   -3.3409e-02
  150.0    5.7927e-03    7.1138e-03   -1.8572e-01   -3.8623e-02
  153.0    5.7401e-03    7.1138e-03   -1.9311e-01   -8.6046e-02
  156.0    5.9239e-03    7.1138e-03   -1.6727e-01   -6.4417e-02
  159.0    6.2901e-03    7.1138e-03   -1.1580e-01   -2.8085e-03
  162.0    6.6701e-03    7.1138e-03   -6.2374e-02    5.7834e-02
  165.0    6.9598e-03    7.1138e-03   -2.1653e-02    7.5508e-02
  168.0    7.1473e-03    7.1138e-03    4.7082e-03    7.6232e-02
  171.0    7.3213e-03    7.1138e-03    2.9171e-02    4.3822e-02
  174.0    7.4373e-03    7.1138e-03    4.5467e-02    3.0243e-02
  177.0    7.5687e-03    7.1138e-03    6.3937e-02   -2.2376e-02
  180.0    7.5911e-03    7.1138e-03    6.7094e-02   -2.2643e-02
  183.0    7.5683e-03    7.1138e-03    6.3890e-02    5.3222e-03
  186.0    7.4368e-03    7.1138e-03    4.5407e-02    6.6250e-03
  189.0    7.3229e-03    7.1138e-03    2.9388e-02    4.4753e-02
  192.0    7.1473e-03    7.1138e-03    4.7065e-03    2.9540e-02
  195.0    6.9598e-03    7.1138e-03   -2.1648e-02    3.9787e-02
  198.0    6.6700e-03    7.1138e-03   -6.2392e-02    2.5561e-02
  201.0    6.2899e-03    7.1138e-03   -1.1583e-01   -1.4008e-02
  204.0    5.9240e-03    7.1138e-03   -1.6725e-01   -4.4771e-03
  207.0    5.7407e-03    7.1138e-03   -1.9302e-01   -5.3857e-02
  210.0    5.7937e-03    7.1138e-03   -1.8557e-01   -7.3017e-02
  213.0    6.2445e-03    7.1138e-03   -1.2220e-01   -8.9817e-02
  216.0    6.9188e-03    7.1138e-03   -2.7409e-02   -5.8950e-02
  219.0    7.5546e-03    7.1138e-03    6.1955e-02    4.3706e-03
  222.0    7.9588e-03    7.1138e-03    1.1878e-01    1.5420e-02
  225.0    8.1029e-03    7.1138e-03    1.3904e-01    2.7836e-02
  228.0    7.9628e-03    7.1138e-03    1.1934e-01    2.4525e-02
  231.0    7.8246e-03    7.1138e-03    9.9918e-02    5.3769e-02
   5    41  13.63   30.0    1.0    0.0   ----------------------------
  111.0    8.1610e-03    7.7607e-03    5.1572e-02   -2.5039e-02
  114.0    7.6531e-03    7.7607e-03   -1.3868e-02   -3.7031e-03
  117.0    7.3801e-03    7.7607e-03   -4.9044e-02    7.7065e-03
  120.0    7.2954e-03    7.7607e-03   -5.9952e-02    4.2303e-03
  123.0    7.3796e-03    7.7607e-03   -4.9109e-02    1.2450e-02
  126.0    7.6894e-03    7.7607e-03   -9.1950e-03    1.0414e-02
  129.0    8.1569e-03    7.7607e-03    5.1047e-02    1.7261e-02
  132.0    8.5381e-03    7.7607e-03    1.0017e-01    2.8846e-02
  135.0    8.8465e-03    7.7607e-03    1.3990e-01    4.3241e-02
  138.0    8.8304e-03    7.7607e-03    1.3784e-01    4.2917e-02
  141.0    8.3736e-03    7.7607e-03    7.8978e-02    7.0368e-03
  144.0    7.5212e-03    7.7607e-03   -3.0857e-02   -3.7225e-02
  147.0    6.6191e-03    7.7607e-03   -1.4710e-01   -8.0628e-02
  150.0    6.1888e-03    7.7607e-03   -2.0255e-01   -7.3895e-02
  153.0    6.0094e-03    7.7607e-03   -2.2567e-01   -6.6122e-02
  156.0    6.5440e-03    7.7607e-03   -1.5678e-01   -3.3449e-02
  159.0    7.2065e-03    7.7607e-03   -7.1409e-02   -9.4586e-03
  162.0    7.8138e-03    7.7607e-03    6.8412e-03    2.7946e-02
  165.0    8.0600e-03    7.7607e-03    3.8569e-02    2.0426e-02
  168.0    8.1535e-03    7.7607e-03    5.0611e-02    1.6024e-02
  171.0    8.1997e-03    7.7607e-03    5.6558e-02    1.2007e-02
  174.0    8.3866e-03    7.7607e-03    8.0641e-02    2.7507e-02
  177.0    8.5370e-03    7.7607e-03    1.0003e-01    2.6511e-02
  180.0    8.6620e-03    7.7607e-03    1.1613e-01    1.3554e-02
  183.0    8.5366e-03    7.7607e-03    9.9976e-02    1.0916e-02
  186.0    8.3865e-03    7.7607e-03    8.0634e-02    1.5062e-02
  189.0    8.2004e-03    7.7607e-03    5.6651e-02    2.5573e-02
  192.0    8.1541e-03    7.7607e-03    5.0689e-02    3.8724e-02
  195.0    8.0594e-03    7.7607e-03    3.8488e-02    4.7334e-02
  198.0    7.8125e-03    7.7607e-03    6.6767e-03    3.4943e-02
  201.0    7.2055e-03    7.7607e-03   -7.1545e-02    1.6305e-02
  204.0    6.5437e-03    7.7607e-03   -1.5682e-01   -2.7231e-02
  207.0    6.0096e-03    7.7607e-03   -2.2563e-01   -6.2070e-02
  210.0    6.1889e-03    7.7607e-03   -2.0253e-01   -8.4085e-02
  213.0    6.6189e-03    7.7607e-03   -1.4713e-01   -6.7745e-02
  216.0    7.5206e-03    7.7607e-03   -3.0935e-02   -3.5937e-02
  219.0    8.3731e-03    7.7607e-03    7.8904e-02    3.7936e-03
  222.0    8.8302e-03    7.7607e-03    1.3780e-01    1.3640e-02
  225.0    8.8465e-03    7.7607e-03    1.3991e-01    3.8415e-02
  228.0    8.5390e-03    7.7607e-03    1.0028e-01    2.7588e-02
  231.0    8.1582e-03    7.7607e-03    5.1221e-02    1.6307e-02
   6    41  13.63   33.0    1.0    0.0   ----------------------------
  111.0    7.9940e-03    7.5344e-03    6.1001e-02    9.4909e-03
  114.0    7.5599e-03    7.5344e-03    3.3822e-03   -2.1051e-02
  117.0    7.1370e-03    7.5344e-03   -5.2736e-02   -7.7975e-03
  120.0    6.8758e-03    7.5344e-03   -8.7407e-02    1.4761e-02
  123.0    7.1340e-03    7.5344e-03   -5.3139e-02    4.2367e-02
  126.0    7.5945e-03    7.5344e-03    7.9774e-03    3.3946e-02
  129.0    7.9950e-03    7.5344e-03    6.1129e-02    3.4094e-02
  132.0    8.3631e-03    7.5344e-03    1.0999e-01   -1.3862e-03
  135.0    8.3509e-03    7.5344e-03    1.0837e-01   -1.1130e-02
  138.0    8.1932e-03    7.5344e-03    8.7434e-02   -3.2220e-02
  141.0    7.6103e-03    7.5344e-03    1.0072e-02   -1.5164e-02
  144.0    6.8709e-03    7.5344e-03   -8.8057e-02   -5.1957e-02
  147.0    6.3211e-03    7.5344e-03   -1.6103e-01   -5.9681e-02
  150.0    5.8937e-03    7.5344e-03   -2.1776e-01   -6.8588e-02
  153.0    5.8436e-03    7.5344e-03   -2.2441e-01   -3.8589e-02
  156.0    6.2016e-03    7.5344e-03   -1.7690e-01   -6.3267e-03
  159.0    6.9706e-03    7.5344e-03   -7.4826e-02    4.8693e-03
  162.0    7.6572e-03    7.5344e-03    1.6296e-02    9.8899e-03
  165.0    7.9937e-03    7.5344e-03    6.0958e-02    2.0725e-02
  168.0    8.2132e-03    7.5344e-03    9.0100e-02    1.4746e-02
  171.0    8.2564e-03    7.5344e-03    9.5835e-02    3.7918e-02
  174.0    8.4550e-03    7.5344e-03    1.2218e-01    2.8539e-02
  177.0    8.7100e-03    7.5344e-03    1.5603e-01    4.7724e-02
  180.0    8.8093e-03    7.5344e-03    1.6922e-01    4.3469e-02
  183.0    8.7104e-03    7.5344e-03    1.5608e-01    5.1377e-02
  186.0    8.4550e-03    7.5344e-03    1.2219e-01    4.3641e-02
  189.0    8.2564e-03    7.5344e-03    9.5828e-02    2.8613e-02
  192.0    8.2137e-03    7.5344e-03    9.0165e-02    2.4612e-02
  195.0    7.9939e-03    7.5344e-03    6.0993e-02    1.4749e-02
  198.0    7.6569e-03    7.5344e-03    1.6254e-02   -3.5443e-03
  201.0    6.9711e-03    7.5344e-03   -7.4764e-02   -2.6282e-02
  204.0    6.2031e-03    7.5344e-03   -1.7669e-01   -4.6665e-02
  207.0    5.8453e-03    7.5344e-03   -2.2419e-01   -5.0691e-02
  210.0    5.8943e-03    7.5344e-03   -2.1767e-01   -6.4202e-02
  213.0    6.3208e-03    7.5344e-03   -1.6108e-01   -6.1280e-02
  216.0    6.8707e-03    7.5344e-03   -8.8094e-02   -4.6884e-02
  219.0    7.6109e-03    7.5344e-03    1.0153e-02   -2.3413e-02
  222.0    8.1945e-03    7.5344e-03    8.7612e-02    3.3600e-03
  225.0    8.3521e-03    7.5344e-03    1.0853e-01    3.1216e-02
  228.0    8.3629e-03    7.5344e-03    1.0997e-01    4.9272e-02
  231.0    7.9939e-03    7.5344e-03    6.0983e-02    4.7860e-02
   7    41  13.63   36.0    1.0    0.0   ----------------------------
  111.0    7.5969e-03    6.8115e-03    1.1531e-01    2.5849e-02
  114.0    7.2337e-03    6.8115e-03    6.1980e-02    4.0106e-03
  117.0    6.6898e-03    6.8115e-03   -1.7864e-02   -1.0516e-02
  120.0    6.4294e-03    6.8115e-03   -5.6098e-02   -8.2474e-03
  123.0    6.6943e-03    6.8115e-03   -1.7196e-02   -7.2891e-03
  126.0    7.2394e-03    6.8115e-03    6.2828e-02    1.5227e-02
  129.0    7.6025e-03    6.8115e-03    1.1614e-01    3.3361e-02
  132.0    7.4520e-03    6.8115e-03    9.4035e-02    2.9180e-02
  135.0    7.2319e-03    6.8115e-03    6.1725e-02   -5.0403e-04
  138.0    6.7890e-03    6.8115e-03   -3.2985e-03   -2.2137e-02
  141.0    6.4431e-03    6.8115e-03   -5.4075e-02   -2.8610e-02
  144.0    6.1360e-03    6.8115e-03   -9.9166e-02   -2.9272e-02
  147.0    5.8290e-03    6.8115e-03   -1.4424e-01   -2.4359e-02
  150.0    5.7630e-03    6.8115e-03   -1.5393e-01   -4.1173e-02
  153.0    5.4785e-03    6.8115e-03   -1.9569e-01   -6.5249e-02
  156.0    5.5941e-03    6.8115e-03   -1.7872e-01   -7.1382e-02
  159.0    6.0026e-03    6.8115e-03   -1.1876e-01   -5.7281e-02
  162.0    6.5290e-03    6.8115e-03   -4.1468e-02   -1.4044e-02
  165.0    7.1561e-03    6.8115e-03    5.0597e-02    2.0593e-02
  168.0    7.4176e-03    6.8115e-03    8.8985e-02    6.5874e-02
  171.0    7.7430e-03    6.8115e-03    1.3675e-01    8.3510e-02
  174.0    7.8159e-03    6.8115e-03    1.4746e-01    9.7499e-02
  177.0    7.8392e-03    6.8115e-03    1.5088e-01    6.7722e-02
  180.0    7.7496e-03    6.8115e-03    1.3773e-01    6.3434e-02
  183.0    7.8388e-03    6.8115e-03    1.5083e-01    4.0195e-02
  186.0    7.8151e-03    6.8115e-03    1.4735e-01    2.5301e-02
  189.0    7.7427e-03    6.8115e-03    1.3672e-01    9.2320e-03
  192.0    7.4179e-03    6.8115e-03    8.9037e-02    1.4814e-03
  195.0    7.1563e-03    6.8115e-03    5.0625e-02   -2.0484e-02
  198.0    6.5282e-03    6.8115e-03   -4.1587e-02   -3.5781e-02
  201.0    6.0016e-03    6.8115e-03   -1.1890e-01   -4.3690e-02
  204.0    5.5940e-03    6.8115e-03   -1.7873e-01   -3.6224e-02
  207.0    5.4787e-03    6.8115e-03   -1.9566e-01   -3.3061e-02
  210.0    5.7627e-03    6.8115e-03   -1.5397e-01   -5.2335e-02
  213.0    5.8283e-03    6.8115e-03   -1.4434e-01   -3.4788e-02
  216.0    6.1356e-03    6.8115e-03   -9.9231e-02   -3.1433e-02
  219.0    6.4429e-03    6.8115e-03   -5.4113e-02   -2.6089e-02
  222.0    6.7884e-03    6.8115e-03   -3.3863e-03   -1.1739e-02
  225.0    7.2315e-03    6.8115e-03    6.1658e-02    1.5708e-02
  228.0    7.4510e-03    6.8115e-03    9.3888e-02    5.0599e-02
  231.0    7.6011e-03    6.8115e-03    1.1593e-01    5.7604e-02
   8    41  13.63   39.0    1.0    0.0   ----------------------------
  111.0    6.8990e-03    6.4591e-03    6.8098e-02    1.7847e-02
  114.0    7.4317e-03    6.4591e-03    1.5058e-01   -9.3399e-03
  117.0    7.7588e-03    6.4591e-03    2.0122e-01   -1.6765e-02
  120.0    7.8981e-03    6.4591e-03    2.2278e-01    1.8341e-02
  123.0    7.7642e-03    6.4591e-03    2.0206e-01    3.0571e-02
  126.0    7.4404e-03    6.4591e-03    1.5193e-01    2.4047e-02
  129.0    6.9063e-03    6.4591e-03    6.9234e-02    2.1677e-02
  132.0    6.2591e-03    6.4591e-03   -3.0961e-02    2.9775e-03
  135.0    5.7349e-03    6.4591e-03   -1.1212e-01   -1.3795e-02
  138.0    5.7008e-03    6.4591e-03   -1.1740e-01   -3.6654e-02
  141.0    5.7909e-03    6.4591e-03   -1.0345e-01   -4.3589e-02
  144.0    6.0314e-03    6.4591e-03   -6.6223e-02   -9.9646e-03
  147.0    6.1597e-03    6.4591e-03   -4.6359e-02   -1.3753e-02
  150.0    5.8681e-03    6.4591e-03   -9.1496e-02   -1.0269e-02
  153.0    5.5292e-03    6.4591e-03   -1.4397e-01   -5.6565e-02
  156.0    5.2659e-03    6.4591e-03   -1.8473e-01   -5.7653e-02
  159.0    5.2140e-03    6.4591e-03   -1.9276e-01   -7.1992e-02
  162.0    5.5865e-03    6.4591e-03   -1.3509e-01   -3.5269e-02
  165.0    6.0830e-03    6.4591e-03   -5.8227e-02   -1.0877e-02
  168.0    6.6249e-03    6.4591e-03    2.5660e-02    1.1352e-02
  171.0    7.1554e-03    6.4591e-03    1.0781e-01    5.1463e-02
  174.0    7.7150e-03    6.4591e-03    1.9443e-01    9.3086e-02
  177.0    8.0895e-03    6.4591e-03    2.5241e-01    1.2506e-01
  180.0    8.2045e-03    6.4591e-03    2.7022e-01    1.0631e-01
  183.0    8.0896e-03    6.4591e-03    2.5243e-01    7.5735e-02
  186.0    7.7155e-03    6.4591e-03    1.9451e-01    3.6145e-02
  189.0    7.1560e-03    6.4591e-03    1.0790e-01    2.6449e-02
  192.0    6.6248e-03    6.4591e-03    2.5647e-02    1.5969e-02
  195.0    6.0831e-03    6.4591e-03   -5.8221e-02   -1.1287e-02
  198.0    5.5863e-03    6.4591e-03   -1.3513e-01   -4.4351e-02
  201.0    5.2139e-03    6.4591e-03   -1.9278e-01   -6.9664e-02
  204.0    5.2665e-03    6.4591e-03   -1.8464e-01   -6.2000e-02
  207.0    5.5296e-03    6.4591e-03   -1.4391e-01   -5.6913e-02
  210.0    5.8680e-03    6.4591e-03   -9.1513e-02   -5.4021e-02
  213.0    6.1594e-03    6.4591e-03   -4.6399e-02   -4.3780e-02
  216.0    6.0320e-03    6.4591e-03   -6.6130e-02   -3.1164e-02
  219.0    5.7919e-03    6.4591e-03   -1.0330e-01   -2.1344e-02
  222.0    5.7011e-03    6.4591e-03   -1.1736e-01   -3.0451e-03
  225.0    5.7345e-03    6.4591e-03   -1.1219e-01    1.3533e-02
  228.0    6.2570e-03    6.4591e-03   -3.1284e-02    4.0257e-02
  231.0    6.9032e-03    6.4591e-03    6.8753e-02    7.3877e-02
   9    41  13.63   42.0    1.0    0.0   ----------------------------
  111.0    5.8443e-03    6.0052e-03   -2.6798e-02   -5.5523e-02
  114.0    7.0984e-03    6.0052e-03    1.8204e-01   -6.9952e-03
  117.0    8.0711e-03    6.0052e-03    3.4402e-01    3.4766e-02
  120.0    8.5072e-03    6.0052e-03    4.1664e-01    6.2760e-02
  123.0    8.0745e-03    6.0052e-03    3.4458e-01    6.0475e-02
  126.0    7.0979e-03    6.0052e-03    1.8196e-01    2.5757e-02
  129.0    5.8402e-03    6.0052e-03   -2.7472e-02   -4.2905e-03
  132.0    4.8569e-03    6.0052e-03   -1.9122e-01   -4.4725e-02
  135.0    4.4883e-03    6.0052e-03   -2.5259e-01   -3.9915e-02
  138.0    4.7689e-03    6.0052e-03   -2.0588e-01   -5.1954e-02
  141.0    5.3637e-03    6.0052e-03   -1.0684e-01   -2.5289e-02
  144.0    6.0797e-03    6.0052e-03    1.2405e-02   -3.1381e-03
  147.0    6.5339e-03    6.0052e-03    8.8041e-02    2.3573e-02
  150.0    6.5864e-03    6.0052e-03    9.6779e-02    3.1621e-02
  153.0    6.0478e-03    6.0052e-03    7.0866e-03    8.0494e-03
  156.0    5.2589e-03    6.0052e-03   -1.2429e-01   -1.2051e-02
  159.0    4.7172e-03    6.0052e-03   -2.1449e-01   -4.4419e-02
  162.0    4.4969e-03    6.0052e-03   -2.5117e-01   -6.8277e-02
  165.0    4.6897e-03    6.0052e-03   -2.1906e-01   -7.4540e-02
  168.0    5.2131e-03    6.0052e-03   -1.3191e-01   -5.4030e-02
  171.0    6.1049e-03    6.0052e-03    1.6596e-02   -7.9013e-04
  174.0    7.2808e-03    6.0052e-03    2.1241e-01    5.0250e-02
  177.0    8.1669e-03    6.0052e-03    3.5997e-01    9.8171e-02
  180.0    8.5383e-03    6.0052e-03    4.2182e-01    1.2273e-01
  183.0    8.1676e-03    6.0052e-03    3.6008e-01    1.1448e-01
  186.0    7.2797e-03    6.0052e-03    2.1222e-01    7.0593e-02
  189.0    6.1042e-03    6.0052e-03    1.6488e-02    1.3646e-02
  192.0    5.2132e-03    6.0052e-03   -1.3189e-01   -2.5541e-02
  195.0    4.6900e-03    6.0052e-03   -2.1902e-01   -5.1623e-02
  198.0    4.4971e-03    6.0052e-03   -2.5113e-01   -5.9106e-02
  201.0    4.7174e-03    6.0052e-03   -2.1445e-01   -6.3265e-02
  204.0    5.2597e-03    6.0052e-03   -1.2415e-01   -3.3498e-02
  207.0    6.0484e-03    6.0052e-03    7.1952e-03   -1.5428e-02
  210.0    6.5859e-03    6.0052e-03    9.6687e-02    4.5335e-03
  213.0    6.5325e-03    6.0052e-03    8.7800e-02   -1.7918e-03
  216.0    6.0791e-03    6.0052e-03    1.2303e-02   -1.7471e-02
  219.0    5.3637e-03    6.0052e-03   -1.0683e-01   -2.2091e-02
  222.0    4.7687e-03    6.0052e-03   -2.0591e-01   -1.7417e-02
  225.0    4.4879e-03    6.0052e-03   -2.5266e-01    4.5348e-03
  228.0    4.8560e-03    6.0052e-03   -1.9137e-01    2.6046e-02
  231.0    5.8371e-03    6.0052e-03   -2.7989e-02    4.1364e-02
  10    41  13.63   45.0    1.0    0.0   ----------------------------
  111.0    5.2773e-03    5.7333e-03   -7.9539e-02   -5.1333e-02
  114.0    6.5714e-03    5.7333e-03    1.4618e-01   -4.8680e-03
  117.0    7.6244e-03    5.7333e-03    3.2985e-01    5.2641e-02
  120.0    7.8360e-03    5.7333e-03    3.6676e-01    5.7244e-02
  123.0    7.6038e-03    5.7333e-03    3.2626e-01    7.3831e-02
  126.0    6.5537e-03    5.7333e-03    1.4310e-01    1.2707e-02
  129.0    5.2567e-03    5.7333e-03   -8.3132e-02   -2.1424e-02
  132.0    4.5252e-03    5.7333e-03   -2.1071e-01   -8.5646e-02
  135.0    4.3667e-03    5.7333e-03   -2.3836e-01   -7.2264e-02
  138.0    4.8430e-03    5.7333e-03   -1.5528e-01   -4.5088e-02
  141.0    5.5012e-03    5.7333e-03   -4.0473e-02    2.6317e-03
  144.0    6.2046e-03    5.7333e-03    8.2209e-02    1.6458e-02
  147.0    6.7015e-03    5.7333e-03    1.6888e-01    2.8378e-02
  150.0    6.8561e-03    5.7333e-03    1.9585e-01    2.3871e-02
  153.0    6.4212e-03    5.7333e-03    1.1999e-01    5.3816e-03
  156.0    5.6598e-03    5.7333e-03   -1.2817e-02   -1.9821e-02
  159.0    4.9602e-03    5.7333e-03   -1.3483e-01   -4.5555e-02
  162.0    4.3743e-03    5.7333e-03   -2.3703e-01   -3.2011e-02
  165.0    3.9209e-03    5.7333e-03   -3.1612e-01   -3.1929e-02
  168.0    4.1837e-03    5.7333e-03   -2.7029e-01    7.8895e-03
  171.0    5.1362e-03    5.7333e-03   -1.0414e-01    2.0971e-02
  174.0    6.5543e-03    5.7333e-03    1.4320e-01    5.5909e-02
  177.0    7.4854e-03    5.7333e-03    3.0560e-01    4.6220e-02
  180.0    7.6911e-03    5.7333e-03    3.4148e-01    5.9292e-02
  183.0    7.4854e-03    5.7333e-03    3.0561e-01    6.3894e-02
  186.0    6.5535e-03    5.7333e-03    1.4307e-01    5.8331e-02
  189.0    5.1365e-03    5.7333e-03   -1.0408e-01    3.0771e-02
  192.0    4.1844e-03    5.7333e-03   -2.7015e-01   -3.4532e-02
  195.0    3.9211e-03    5.7333e-03   -3.1608e-01   -5.9524e-02
  198.0    4.3737e-03    5.7333e-03   -2.3713e-01   -8.2028e-02
  201.0    4.9597e-03    5.7333e-03   -1.3493e-01   -5.1364e-02
  204.0    5.6606e-03    5.7333e-03   -1.2685e-02   -2.1167e-02
  207.0    6.4225e-03    5.7333e-03    1.2021e-01    1.8470e-03
  210.0    6.8568e-03    5.7333e-03    1.9596e-01    1.8783e-02
  213.0    6.7015e-03    5.7333e-03    1.6888e-01    1.4107e-02
  216.0    6.2051e-03    5.7333e-03    8.2292e-02    9.9425e-03
  219.0    5.5017e-03    5.7333e-03   -4.0390e-02   -8.5234e-03
  222.0    4.8432e-03    5.7333e-03   -1.5526e-01   -2.4272e-02
  225.0    4.3671e-03    5.7333e-03   -2.3830e-01   -2.9116e-02
  228.0    4.5259e-03    5.7333e-03   -2.1059e-01   -2.0694e-03
  231.0    5.2569e-03    5.7333e-03   -8.3088e-02    6.1597e-02
  11    41  13.63   48.0    1.0    0.0   ----------------------------
  111.0    6.0319e-03    5.9387e-03    1.5702e-02   -5.5145e-02
  114.0    7.0086e-03    5.9387e-03    1.8017e-01    1.0323e-03
  117.0    7.7745e-03    5.9387e-03    3.0913e-01    4.1790e-02
  120.0    7.8155e-03    5.9387e-03    3.1603e-01    5.9876e-02
  123.0    7.7988e-03    5.9387e-03    3.1323e-01    4.4919e-02
  126.0    7.0339e-03    5.9387e-03    1.8441e-01    2.4345e-02
  129.0    6.0668e-03    5.9387e-03    2.1579e-02   -2.5239e-03
  132.0    5.3971e-03    5.9387e-03   -9.1194e-02   -2.8956e-02
  135.0    5.0192e-03    5.9387e-03   -1.5482e-01   -3.5614e-02
  138.0    5.1756e-03    5.9387e-03   -1.2849e-01   -2.8166e-02
  141.0    5.7423e-03    5.9387e-03   -3.3063e-02   -2.3371e-02
  144.0    6.1451e-03    5.9387e-03    3.4752e-02   -2.6761e-02
  147.0    6.2682e-03    5.9387e-03    5.5494e-02   -1.9742e-02
  150.0    6.3148e-03    5.9387e-03    6.3339e-02   -2.5240e-02
  153.0    6.0613e-03    5.9387e-03    2.0648e-02   -4.2170e-02
  156.0    5.7017e-03    5.9387e-03   -3.9911e-02   -4.0370e-02
  159.0    5.2400e-03    5.9387e-03   -1.1765e-01   -2.6106e-02
  162.0    4.5051e-03    5.9387e-03   -2.4140e-01   -9.5315e-04
  165.0    4.0888e-03    5.9387e-03   -3.1150e-01   -3.0074e-03
  168.0    4.6823e-03    5.9387e-03   -2.1155e-01    1.3310e-02
  171.0    5.7266e-03    5.9387e-03   -3.5708e-02    4.1871e-02
  174.0    6.8339e-03    5.9387e-03    1.5074e-01    8.4753e-02
  177.0    7.3792e-03    5.9387e-03    2.4257e-01    9.7467e-02
  180.0    7.3166e-03    5.9387e-03    2.3203e-01    8.4553e-02
  183.0    7.3792e-03    5.9387e-03    2.4257e-01    6.5259e-02
  186.0    6.8362e-03    5.9387e-03    1.5114e-01    2.9383e-02
  189.0    5.7282e-03    5.9387e-03   -3.5436e-02   -4.2236e-03
  192.0    4.6838e-03    5.9387e-03   -2.1131e-01   -4.1122e-02
  195.0    4.0903e-03    5.9387e-03   -3.1125e-01   -5.3725e-02
  198.0    4.5052e-03    5.9387e-03   -2.4137e-01   -4.0821e-02
  201.0    5.2396e-03    5.9387e-03   -1.1772e-01   -4.5094e-02
  204.0    5.7022e-03    5.9387e-03   -3.9822e-02   -4.7214e-02
  207.0    6.0630e-03    5.9387e-03    2.0933e-02   -3.8709e-02
  210.0    6.3166e-03    5.9387e-03    6.3631e-02   -1.9988e-02
  213.0    6.2681e-03    5.9387e-03    5.5477e-02    1.6120e-03
  216.0    6.1444e-03    5.9387e-03    3.4638e-02    2.2071e-03
  219.0    5.7423e-03    5.9387e-03   -3.3067e-02   -4.8838e-03
  222.0    5.1766e-03    5.9387e-03   -1.2833e-01    1.3877e-02
  225.0    5.0198e-03    5.9387e-03   -1.5473e-01    3.2935e-04
  228.0    5.3962e-03    5.9387e-03   -9.1340e-02    1.7028e-02
  231.0    6.0662e-03    5.9387e-03    2.1467e-02    3.0666e-02
  12    41  13.63   51.0    1.0    0.0   ----------------------------
  111.0    5.7421e-03    6.0475e-03   -5.0508e-02   -6.4633e-02
  114.0    6.7668e-03    6.0475e-03    1.1893e-01   -1.4734e-02
  117.0    7.5702e-03    6.0475e-03    2.5178e-01    4.6329e-02
  120.0    7.5948e-03    6.0475e-03    2.5584e-01    8.8661e-02
  123.0    7.5325e-03    6.0475e-03    2.4555e-01    6.7248e-02
  126.0    6.6864e-03    6.0475e-03    1.0564e-01    1.8602e-02
  129.0    5.7082e-03    6.0475e-03   -5.6116e-02   -3.8811e-02
  132.0    5.3314e-03    6.0475e-03   -1.1842e-01   -6.0861e-02
  135.0    5.2956e-03    6.0475e-03   -1.2433e-01   -7.1684e-02
  138.0    5.2724e-03    6.0475e-03   -1.2818e-01   -5.4671e-02
  141.0    5.5586e-03    6.0475e-03   -8.0848e-02   -3.3815e-02
  144.0    6.2221e-03    6.0475e-03    2.8869e-02    1.8026e-02
  147.0    6.8338e-03    6.0475e-03    1.3001e-01    3.9391e-02
  150.0    7.1863e-03    6.0475e-03    1.8830e-01    4.7117e-02
  153.0    6.6197e-03    6.0475e-03    9.4608e-02    2.5533e-02
  156.0    5.8752e-03    6.0475e-03   -2.8490e-02    3.2233e-02
  159.0    5.4139e-03    6.0475e-03   -1.0478e-01    2.0664e-02
  162.0    5.0962e-03    6.0475e-03   -1.5732e-01    5.0497e-03
  165.0    4.9541e-03    6.0475e-03   -1.8080e-01   -3.4795e-02
  168.0    5.2110e-03    6.0475e-03   -1.3833e-01   -3.9579e-02
  171.0    5.6421e-03    6.0475e-03   -6.7043e-02   -4.5172e-02
  174.0    6.3876e-03    6.0475e-03    5.6228e-02   -2.2517e-02
  177.0    6.9260e-03    6.0475e-03    1.4526e-01   -4.5389e-03
  180.0    6.9845e-03    6.0475e-03    1.5493e-01    3.2704e-02
  183.0    6.9269e-03    6.0475e-03    1.4541e-01    3.8203e-02
  186.0    6.3917e-03    6.0475e-03    5.6911e-02    3.1283e-02
  189.0    5.6437e-03    6.0475e-03   -6.6778e-02   -2.9217e-03
  192.0    5.2119e-03    6.0475e-03   -1.3819e-01   -5.9339e-03
  195.0    4.9555e-03    6.0475e-03   -1.8057e-01   -4.1661e-03
  198.0    5.0970e-03    6.0475e-03   -1.5718e-01   -3.7413e-03
  201.0    5.4147e-03    6.0475e-03   -1.0464e-01   -7.2932e-03
  204.0    5.8753e-03    6.0475e-03   -2.8487e-02    1.5785e-02
  207.0    6.6189e-03    6.0475e-03    9.4473e-02    1.3026e-02
  210.0    7.1850e-03    6.0475e-03    1.8808e-01    1.3144e-02
  213.0    6.8302e-03    6.0475e-03    1.2942e-01   -2.4487e-02
  216.0    6.2191e-03    6.0475e-03    2.8374e-02   -1.4661e-03
  219.0    5.5586e-03    6.0475e-03   -8.0855e-02    2.3485e-03
  222.0    5.2740e-03    6.0475e-03   -1.2790e-01   -1.5324e-02
  225.0    5.2968e-03    6.0475e-03   -1.2415e-01   -4.0664e-02
  228.0    5.3310e-03    6.0475e-03   -1.1848e-01   -2.4107e-02
  231.0    5.7075e-03    6.0475e-03   -5.6234e-02    6.0497e-02
  13    41  13.63   54.0    1.0    0.0   ----------------------------
  111.0    5.5292e-03    5.9126e-03   -6.4845e-02   -7.7534e-02
  114.0    5.9257e-03    5.9126e-03    2.2122e-03    5.1769e-03
  117.0    6.9269e-03    5.9126e-03    1.7154e-01    5.6571e-02
  120.0    7.5166e-03    5.9126e-03    2.7129e-01    5.8556e-02
  123.0    6.9952e-03    5.9126e-03    1.8310e-01    4.2650e-02
  126.0    6.0160e-03    5.9126e-03    1.7483e-02    2.0317e-02
  129.0    5.5735e-03    5.9126e-03   -5.7347e-02   -5.7716e-03
  132.0    5.4423e-03    5.9126e-03   -7.9547e-02   -1.5034e-02
  135.0    5.2950e-03    5.9126e-03   -1.0445e-01   -4.6673e-02
  138.0    5.0751e-03    5.9126e-03   -1.4166e-01   -4.1976e-02
  141.0    5.1345e-03    5.9126e-03   -1.3160e-01   -5.2205e-02
  144.0    6.0318e-03    5.9126e-03    2.0155e-02   -2.8548e-02
  147.0    6.9665e-03    5.9126e-03    1.7825e-01   -1.2979e-04
  150.0    7.0928e-03    5.9126e-03    1.9961e-01    3.5857e-02
  153.0    6.7593e-03    5.9126e-03    1.4320e-01    2.5682e-02
  156.0    5.9148e-03    5.9126e-03    3.6836e-04    1.0107e-02
  159.0    5.3993e-03    5.9126e-03   -8.6823e-02   -1.9692e-03
  162.0    5.6931e-03    5.9126e-03   -3.7121e-02    6.9814e-03
  165.0    5.7649e-03    5.9126e-03   -2.4985e-02   -2.0606e-02
  168.0    5.6235e-03    5.9126e-03   -4.8889e-02   -2.5322e-02
  171.0    5.5684e-03    5.9126e-03   -5.8219e-02   -1.3468e-02
  174.0    5.4594e-03    5.9126e-03   -7.6658e-02    8.2217e-03
  177.0    5.8390e-03    5.9126e-03   -1.2446e-02    3.4279e-02
  180.0    6.2456e-03    5.9126e-03    5.6314e-02    4.6291e-02
  183.0    5.8400e-03    5.9126e-03   -1.2277e-02    3.9056e-02
  186.0    5.4623e-03    5.9126e-03   -7.6168e-02   -1.3063e-02
  189.0    5.5686e-03    5.9126e-03   -5.8176e-02   -5.5839e-03
  192.0    5.6241e-03    5.9126e-03   -4.8794e-02    1.1133e-02
  195.0    5.7664e-03    5.9126e-03   -2.4722e-02    2.5480e-02
  198.0    5.6944e-03    5.9126e-03   -3.6908e-02   -7.9629e-03
  201.0    5.3991e-03    5.9126e-03   -8.6847e-02   -3.2604e-02
  204.0    5.9121e-03    5.9126e-03   -8.8811e-05   -5.0582e-02
  207.0    6.7556e-03    5.9126e-03    1.4258e-01   -3.7029e-02
  210.0    7.0902e-03    5.9126e-03    1.9917e-01    5.5596e-03
  213.0    6.9637e-03    5.9126e-03    1.7778e-01    4.0302e-02
  216.0    6.0290e-03    5.9126e-03    1.9682e-02    2.5473e-02
  219.0    5.1327e-03    5.9126e-03   -1.3190e-01   -9.6613e-03
  222.0    5.0752e-03    5.9126e-03   -1.4163e-01   -1.8747e-02
  225.0    5.2959e-03    5.9126e-03   -1.0430e-01   -2.3360e-02
  228.0    5.4442e-03    5.9126e-03   -7.9224e-02   -3.8827e-03
  231.0    5.5749e-03    5.9126e-03   -5.7110e-02    3.4024e-02
  14    41  13.63   57.0    1.0    0.0   ----------------------------
  111.0    6.7837e-03    5.8293e-03    1.6373e-01    4.9504e-02
  114.0    6.0650e-03    5.8293e-03    4.0435e-02   -1.9227e-03
  117.0    5.9623e-03    5.8293e-03    2.2828e-02   -1.8234e-02
  120.0    5.9805e-03    5.8293e-03    2.5946e-02    2.1163e-03
  123.0    5.7665e-03    5.8293e-03   -1.0776e-02    2.0171e-03
  126.0    5.8260e-03    5.8293e-03   -5.5462e-04   -1.5184e-02
  129.0    6.6448e-03    5.8293e-03    1.3989e-01   -3.9644e-02
  132.0    6.8324e-03    5.8293e-03    1.7208e-01   -2.6469e-02
  135.0    5.8641e-03    5.8293e-03    5.9662e-03   -1.0971e-02
  138.0    5.2760e-03    5.8293e-03   -9.4912e-02   -7.3808e-03
  141.0    5.2215e-03    5.8293e-03   -1.0427e-01   -3.7644e-02
  144.0    5.3009e-03    5.8293e-03   -9.0634e-02   -1.6183e-02
  147.0    5.6993e-03    5.8293e-03   -2.2294e-02    1.3497e-02
  150.0    5.9194e-03    5.8293e-03    1.5463e-02    5.6186e-02
  153.0    5.6762e-03    5.8293e-03   -2.6251e-02    4.6772e-02
  156.0    5.0815e-03    5.8293e-03   -1.2827e-01    1.5214e-02
  159.0    5.1818e-03    5.8293e-03   -1.1107e-01    2.5436e-02
  162.0    5.7193e-03    5.8293e-03   -1.8859e-02    1.5196e-02
  165.0    6.2297e-03    5.8293e-03    6.8699e-02    4.0904e-02
  168.0    7.0464e-03    5.8293e-03    2.0880e-01    1.1048e-02
  171.0    6.7998e-03    5.8293e-03    1.6649e-01    8.5931e-03
  174.0    5.5212e-03    5.8293e-03   -5.2841e-02   -2.6763e-02
  177.0    4.8773e-03    5.8293e-03   -1.6331e-01   -2.8086e-02
  180.0    4.8416e-03    5.8293e-03   -1.6943e-01   -4.2992e-02
  183.0    4.8775e-03    5.8293e-03   -1.6328e-01   -3.1181e-02
  186.0    5.5235e-03    5.8293e-03   -5.2459e-02   -1.7250e-02
  189.0    6.8000e-03    5.8293e-03    1.6653e-01    1.3773e-02
  192.0    7.0480e-03    5.8293e-03    2.0907e-01    1.0038e-02
  195.0    6.2317e-03    5.8293e-03    6.9035e-02   -4.1567e-04
  198.0    5.7197e-03    5.8293e-03   -1.8805e-02   -2.0845e-02
  201.0    5.1804e-03    5.8293e-03   -1.1132e-01    5.4863e-03
  204.0    5.0805e-03    5.8293e-03   -1.2844e-01    2.9192e-03
  207.0    5.6738e-03    5.8293e-03   -2.6664e-02    2.1504e-02
  210.0    5.9165e-03    5.8293e-03    1.4964e-02    1.1891e-02
  213.0    5.6974e-03    5.8293e-03   -2.2615e-02    1.5567e-02
  216.0    5.2986e-03    5.8293e-03   -9.1034e-02   -2.2154e-02
  219.0    5.2183e-03    5.8293e-03   -1.0482e-01   -1.3421e-02
  222.0    5.2759e-03    5.8293e-03   -9.4925e-02   -1.5756e-02
  225.0    5.8635e-03    5.8293e-03    5.8726e-03    1.2266e-02
  228.0    6.8322e-03    5.8293e-03    1.7205e-01    3.5232e-03
  231.0    6.6453e-03    5.8293e-03    1.3998e-01    8.6552e-03
  15    41  13.63   60.0    1.0    0.0   ----------------------------
  111.0    6.2280e-03    5.7703e-03    7.9317e-02    8.2103e-02
  114.0    5.7465e-03    5.7703e-03   -4.1302e-03    5.4280e-03
  117.0    4.6774e-03    5.7703e-03   -1.8941e-01   -5.1579e-02
  120.0    4.2235e-03    5.7703e-03   -2.6807e-01   -7.1985e-02
  123.0    4.8602e-03    5.7703e-03   -1.5773e-01   -6.1908e-02
  126.0    6.0630e-03    5.7703e-03    5.0712e-02   -2.5408e-02
  129.0    6.4010e-03    5.7703e-03    1.0930e-01   -5.7373e-03
  132.0    6.1120e-03    5.7703e-03    5.9206e-02    1.6919e-02
  135.0    5.9389e-03    5.7703e-03    2.9208e-02    4.0225e-02
  138.0    5.8775e-03    5.7703e-03    1.8568e-02    4.7135e-02
  141.0    5.7232e-03    5.7703e-03   -8.1680e-03    3.8838e-02
  144.0    5.3665e-03    5.7703e-03   -6.9979e-02    1.6332e-02
  147.0    5.7173e-03    5.7703e-03   -9.1909e-03    2.8530e-02
  150.0    6.1102e-03    5.7703e-03    5.8905e-02    8.9473e-03
  153.0    6.0231e-03    5.7703e-03    4.3800e-02   -3.2058e-03
  156.0    5.7744e-03    5.7703e-03    6.9988e-04   -5.4877e-03
  159.0    6.3306e-03    5.7703e-03    9.7091e-02    2.5588e-02
  162.0    6.6096e-03    5.7703e-03    1.4544e-01    5.7749e-02
  165.0    6.1301e-03    5.7703e-03    6.2344e-02    3.3549e-02
  168.0    5.9986e-03    5.7703e-03    3.9563e-02    1.3210e-02
  171.0    6.0754e-03    5.7703e-03    5.2872e-02   -4.3389e-02
  174.0    5.5280e-03    5.7703e-03   -4.1999e-02   -6.1228e-02
  177.0    4.5734e-03    5.7703e-03   -2.0743e-01   -8.1454e-02
  180.0    4.1430e-03    5.7703e-03   -2.8201e-01   -8.2905e-02
  183.0    4.5733e-03    5.7703e-03   -2.0745e-01   -7.4316e-02
  186.0    5.5305e-03    5.7703e-03   -4.1565e-02   -4.5045e-02
  189.0    6.0753e-03    5.7703e-03    5.2843e-02   -9.1712e-03
  192.0    5.9999e-03    5.7703e-03    3.9791e-02    3.0589e-02
  195.0    6.1320e-03    5.7703e-03    6.2684e-02    5.7499e-02
  198.0    6.6098e-03    5.7703e-03    1.4547e-01    6.3142e-02
  201.0    6.3305e-03    5.7703e-03    9.7081e-02    3.3780e-02
  204.0    5.7738e-03    5.7703e-03    6.0308e-04    1.5240e-02
  207.0    6.0201e-03    5.7703e-03    4.3281e-02    4.4832e-03
  210.0    6.1735e-03    5.7703e-03    6.9865e-02    1.5213e-02
  213.0    5.7169e-03    5.7703e-03   -9.2519e-03    6.9380e-03
  216.0    5.3656e-03    5.7703e-03   -7.0135e-02    4.5310e-03
  219.0    5.7207e-03    5.7703e-03   -8.6054e-03    1.1376e-02
  222.0    5.8780e-03    5.7703e-03    1.8652e-02    1.9487e-02
  225.0    5.9389e-03    5.7703e-03    2.9215e-02    4.5345e-03
  228.0    6.1125e-03    5.7703e-03    5.9295e-02   -2.1905e-02
  231.0    6.4011e-03    5.7703e-03    1.0932e-01   -3.6503e-02
  16    41  13.63   63.0    1.0    0.0   ----------------------------
  111.0    4.5770e-03    5.4086e-03   -1.5375e-01    3.4503e-02
  114.0    4.8052e-03    5.4086e-03   -1.1157e-01    2.7105e-03
  117.0    4.7041e-03    5.4086e-03   -1.3026e-01   -3.3497e-02
  120.0    4.4528e-03    5.4086e-03   -1.7672e-01   -1.1026e-02
  123.0    4.6731e-03    5.4086e-03   -1.3599e-01   -3.0871e-02
  126.0    4.9084e-03    5.4086e-03   -9.2481e-02   -2.6508e-02
  129.0    4.7109e-03    5.4086e-03   -1.2901e-01   -1.0978e-02
  132.0    4.8934e-03    5.4086e-03   -9.5258e-02    4.4921e-03
  135.0    6.4445e-03    5.4086e-03    1.9152e-01    3.0940e-02
  138.0    6.9496e-03    5.4086e-03    2.8490e-01    2.8810e-02
  141.0    5.9481e-03    5.4086e-03    9.9737e-02    4.8646e-02
  144.0    5.2718e-03    5.4086e-03   -2.5299e-02    1.7058e-02
  147.0    4.7450e-03    5.4086e-03   -1.2270e-01   -2.8525e-02
  150.0    4.5322e-03    5.4086e-03   -1.6204e-01   -5.3470e-02
  153.0    5.0703e-03    5.4086e-03   -6.2550e-02   -2.0044e-02
  156.0    6.3503e-03    5.4086e-03    1.7411e-01    2.9968e-02
  159.0    7.0290e-03    5.4086e-03    2.9959e-01    5.5871e-02
  162.0    7.2044e-03    5.4086e-03    3.3202e-01    6.6924e-02
  165.0    6.0937e-03    5.4086e-03    1.2667e-01    3.1940e-02
  168.0    4.7246e-03    5.4086e-03   -1.2647e-01    1.6563e-02
  171.0    4.6028e-03    5.4086e-03   -1.4899e-01   -2.2301e-02
  174.0    4.9355e-03    5.4086e-03   -8.7471e-02   -2.0118e-02
  177.0    4.9405e-03    5.4086e-03   -8.6546e-02   -4.6966e-02
  180.0    4.7387e-03    5.4086e-03   -1.2386e-01   -2.7549e-02
  183.0    4.9406e-03    5.4086e-03   -8.6524e-02   -5.2924e-02
  186.0    4.9369e-03    5.4086e-03   -8.7211e-02   -5.2781e-02
  189.0    4.6025e-03    5.4086e-03   -1.4904e-01   -5.8630e-02
  192.0    4.7256e-03    5.4086e-03   -1.2629e-01   -2.8886e-02
  195.0    6.0945e-03    5.4086e-03    1.2681e-01    2.8338e-02
  198.0    7.2044e-03    5.4086e-03    3.3202e-01    3.1307e-02
  201.0    7.0283e-03    5.4086e-03    2.9946e-01    2.4804e-02
  204.0    6.3487e-03    5.4086e-03    1.7381e-01   -5.7552e-03
  207.0    5.0683e-03    5.4086e-03   -6.2922e-02    3.2558e-03
  210.0    4.5308e-03    5.4086e-03   -1.6229e-01    1.0419e-02
  213.0    4.7434e-03    5.4086e-03   -1.2300e-01   -7.0099e-03
  216.0    5.2710e-03    5.4086e-03   -2.5452e-02    1.1499e-02
  219.0    5.9495e-03    5.4086e-03    9.9997e-02    5.0039e-02
  222.0    6.9515e-03    5.4086e-03    2.8526e-01    9.7487e-02
  225.0    6.4463e-03    5.4086e-03    1.9185e-01    6.3589e-02
  228.0    4.8951e-03    5.4086e-03   -9.4951e-02   -1.7767e-02
  231.0    4.7103e-03    5.4086e-03   -1.2912e-01   -1.3273e-01
  17    41  13.63   66.0    1.0    0.0   ----------------------------
  111.0    4.9020e-03    5.1193e-03   -4.2453e-02    4.5579e-03
  114.0    5.2304e-03    5.1193e-03    2.1696e-02    1.2457e-02
  117.0    5.2574e-03    5.1193e-03    2.6973e-02    2.0778e-02
  120.0    4.8645e-03    5.1193e-03   -4.9772e-02   -2.6989e-02
  123.0    4.9145e-03    5.1193e-03   -4.0016e-02   -1.6422e-02
  126.0    4.7762e-03    5.1193e-03   -6.7019e-02   -2.2255e-02
  129.0    4.6255e-03    5.1193e-03   -9.6461e-02   -3.4049e-04
  132.0    4.1752e-03    5.1193e-03   -1.8441e-01   -4.6006e-03
  135.0    5.2954e-03    5.1193e-03    3.4406e-02   -1.8625e-02
  138.0    6.2306e-03    5.1193e-03    2.1708e-01    1.6186e-02
  141.0    5.8511e-03    5.1193e-03    1.4295e-01    4.8483e-02
  144.0    5.4280e-03    5.1193e-03    6.0304e-02    4.6018e-02
  147.0    4.3551e-03    5.1193e-03   -1.4927e-01   -1.0630e-02
  150.0    3.4664e-03    5.1193e-03   -3.2288e-01   -6.2267e-02
  153.0    4.8555e-03    5.1193e-03   -5.1536e-02   -3.9014e-02
  156.0    6.7103e-03    5.1193e-03    3.1079e-01    1.7466e-02
  159.0    6.3525e-03    5.1193e-03    2.4089e-01    4.3599e-02
  162.0    5.6084e-03    5.1193e-03    9.5539e-02    2.9235e-02
  165.0    4.9200e-03    5.1193e-03   -3.8932e-02    1.7990e-02
  168.0    4.2565e-03    5.1193e-03   -1.6854e-01    6.5581e-03
  171.0    4.7761e-03    5.1193e-03   -6.7047e-02   -2.2748e-04
  174.0    5.1700e-03    5.1193e-03    9.9055e-03   -3.0330e-02
  177.0    5.3271e-03    5.1193e-03    4.0597e-02   -4.2641e-02
  180.0    5.1503e-03    5.1193e-03    6.0575e-03   -3.7304e-02
  183.0    5.3268e-03    5.1193e-03    4.0524e-02   -1.5905e-02
  186.0    5.1695e-03    5.1193e-03    9.7975e-03    6.6580e-03
  189.0    4.7764e-03    5.1193e-03   -6.6980e-02    1.2928e-02
  192.0    4.2568e-03    5.1193e-03   -1.6848e-01    1.4656e-02
  195.0    4.9189e-03    5.1193e-03   -3.9150e-02    3.1378e-02
  198.0    5.6090e-03    5.1193e-03    9.5657e-02    2.2104e-02
  201.0    6.3535e-03    5.1193e-03    2.4109e-01    2.5796e-02
  204.0    6.7100e-03    5.1193e-03    3.1073e-01   -4.8175e-03
  207.0    4.8558e-03    5.1193e-03   -5.1481e-02   -4.9571e-03
  210.0    3.4662e-03    5.1193e-03   -3.2291e-01   -4.4038e-02
  213.0    4.3527e-03    5.1193e-03   -1.4975e-01   -3.1319e-02
  216.0    5.4257e-03    5.1193e-03    5.9846e-02   -3.8567e-03
  219.0    5.8498e-03    5.1193e-03    1.4269e-01    2.1676e-02
  222.0    6.2290e-03    5.1193e-03    2.1677e-01    2.8755e-02
  225.0    5.2955e-03    5.1193e-03    3.4423e-02    6.5927e-04
  228.0    4.1746e-03    5.1193e-03   -1.8453e-01   -3.9210e-03
  231.0    4.6223e-03    5.1193e-03   -9.7076e-02   -7.5541e-03
  18    41  13.63   69.0    1.0    0.0   ----------------------------
  111.0    5.7368e-03    4.9805e-03    1.5187e-01    5.6681e-02
  114.0    5.6841e-03    4.9805e-03    1.4128e-01    1.2929e-02
  117.0    4.4413e-03    4.9805e-03   -1.0826e-01   -2.4320e-02
  120.0    3.8026e-03    4.9805e-03   -2.3650e-01   -4.7138e-02
  123.0    4.2517e-03    4.9805e-03   -1.4633e-01   -4.4052e-02
  126.0    5.2175e-03    4.9805e-03    4.7591e-02   -2.1100e-02
  129.0    5.4760e-03    4.9805e-03    9.9493e-02   -8.5998e-04
  132.0    4.9408e-03    4.9805e-03   -7.9699e-03    1.9854e-02
  135.0    5.6061e-03    4.9805e-03    1.2562e-01    1.2304e-02
  138.0    6.3281e-03    4.9805e-03    2.7058e-01    2.3902e-02
  141.0    5.4663e-03    4.9805e-03    9.7546e-02    4.2784e-02
  144.0    4.5504e-03    4.9805e-03   -8.6343e-02    2.1828e-02
  147.0    3.5747e-03    4.9805e-03   -2.8226e-01   -9.9606e-03
  150.0    3.1848e-03    4.9805e-03   -3.6054e-01   -5.5166e-02
  153.0    3.8940e-03    4.9805e-03   -2.1814e-01   -3.5335e-02
  156.0    5.1485e-03    4.9805e-03    3.3738e-02   -1.1701e-02
  159.0    5.4487e-03    4.9805e-03    9.4017e-02    1.9627e-02
  162.0    5.7368e-03    4.9805e-03    1.5187e-01    1.1072e-02
  165.0    5.7090e-03    4.9805e-03    1.4627e-01    5.2143e-03
  168.0    4.9929e-03    4.9805e-03    2.4923e-03   -3.8574e-03
  171.0    5.4681e-03    4.9805e-03    9.7908e-02    3.5885e-02
  174.0    5.4584e-03    4.9805e-03    9.5953e-02    2.9935e-02
  177.0    4.5519e-03    4.9805e-03   -8.6045e-02    2.0826e-02
  180.0    4.0023e-03    4.9805e-03   -1.9641e-01   -1.7290e-02
  183.0    4.5523e-03    4.9805e-03   -8.5971e-02   -5.4064e-03
  186.0    5.4572e-03    4.9805e-03    9.5729e-02   -2.5175e-02
  189.0    5.4694e-03    4.9805e-03    9.8161e-02    2.6254e-04
  192.0    4.9930e-03    4.9805e-03    2.5111e-03   -2.6269e-03
  195.0    5.7079e-03    4.9805e-03    1.4606e-01    2.5527e-02
  198.0    5.7386e-03    4.9805e-03    1.5223e-01    2.0110e-03
  201.0    5.4512e-03    4.9805e-03    9.4525e-02    1.3884e-02
  204.0    5.1505e-03    4.9805e-03    3.4139e-02    1.1968e-02
  207.0    3.8957e-03    4.9805e-03   -2.1781e-01   -2.0148e-02
  210.0    3.1846e-03    4.9805e-03   -3.6059e-01   -4.0176e-02
  213.0    3.5735e-03    4.9805e-03   -2.8251e-01   -4.6033e-02
  216.0    4.5494e-03    4.9805e-03   -8.6554e-02   -4.8067e-03
  219.0    5.4630e-03    4.9805e-03    9.6891e-02    2.1693e-02
  222.0    6.3240e-03    4.9805e-03    2.6976e-01   -5.3406e-04
  225.0    5.6038e-03    4.9805e-03    1.2515e-01    6.8596e-05
  228.0    4.9394e-03    4.9805e-03   -8.2438e-03   -3.2512e-03
  231.0    5.4740e-03    4.9805e-03    9.9084e-02    3.0212e-02
  19    41  13.63   72.0    1.0    0.0   ----------------------------
  111.0    5.5954e-03    5.0032e-03    1.1837e-01   -4.5857e-02
  114.0    5.6757e-03    5.0032e-03    1.3442e-01   -2.0811e-02
  117.0    4.7861e-03    5.0032e-03   -4.3391e-02   -1.8817e-04
  120.0    4.5699e-03    5.0032e-03   -8.6606e-02    3.2241e-02
  123.0    4.8670e-03    5.0032e-03   -2.7221e-02    3.7311e-02
  126.0    5.6108e-03    5.0032e-03    1.2146e-01    3.7041e-02
  129.0    5.5251e-03    5.0032e-03    1.0432e-01   -1.9961e-03
  132.0    5.5124e-03    5.0032e-03    1.0178e-01    2.6812e-02
  135.0    6.6615e-03    5.0032e-03    3.3146e-01    2.6184e-02
  138.0    6.9280e-03    5.0032e-03    3.8472e-01    1.1326e-02
  141.0    4.8681e-03    5.0032e-03   -2.6996e-02   -7.2880e-03
  144.0    3.3733e-03    5.0032e-03   -3.2576e-01   -9.4223e-03
  147.0    2.5774e-03    5.0032e-03   -4.8484e-01   -2.4928e-02
  150.0    2.5137e-03    5.0032e-03   -4.9757e-01   -9.1082e-02
  153.0    3.1427e-03    5.0032e-03   -3.7186e-01   -7.3257e-02
  156.0    3.9577e-03    5.0032e-03   -2.0896e-01   -2.0920e-02
  159.0    4.9175e-03    5.0032e-03   -1.7112e-02    6.5417e-02
  162.0    6.5846e-03    5.0032e-03    3.1610e-01    3.5777e-02
  165.0    6.4659e-03    5.0032e-03    2.9237e-01    4.3288e-02
  168.0    5.1820e-03    5.0032e-03    3.5742e-02   -2.4941e-02
  171.0    5.1247e-03    5.0032e-03    2.4298e-02   -2.4014e-02
  174.0    5.6807e-03    5.0032e-03    1.3542e-01   -3.0105e-02
  177.0    5.3418e-03    5.0032e-03    6.7684e-02    2.7130e-04
  180.0    5.3165e-03    5.0032e-03    6.2633e-02    2.5675e-02
  183.0    5.3432e-03    5.0032e-03    6.7967e-02   -8.9069e-03
  186.0    5.6810e-03    5.0032e-03    1.3547e-01   -4.9613e-03
  189.0    5.1250e-03    5.0032e-03    2.4347e-02   -1.5606e-02
  192.0    5.1833e-03    5.0032e-03    3.6005e-02    1.7231e-02
  195.0    6.4675e-03    5.0032e-03    2.9268e-01    5.1319e-02
  198.0    6.5861e-03    5.0032e-03    3.1639e-01    7.1924e-02
  201.0    4.9187e-03    5.0032e-03   -1.6875e-02    4.2410e-02
  204.0    3.9587e-03    5.0032e-03   -2.0876e-01    1.8820e-02
  207.0    3.1441e-03    5.0032e-03   -3.7158e-01   -7.5409e-02
  210.0    2.5144e-03    5.0032e-03   -4.9744e-01   -4.3317e-02
  213.0    2.5769e-03    5.0032e-03   -4.8495e-01   -6.4748e-02
  216.0    3.3726e-03    5.0032e-03   -3.2591e-01   -1.3447e-02
  219.0    4.8648e-03    5.0032e-03   -2.7658e-02    2.1007e-02
  222.0    6.9233e-03    5.0032e-03    3.8379e-01    4.6377e-02
  225.0    6.6588e-03    5.0032e-03    3.3092e-01    2.2611e-02
  228.0    5.5108e-03    5.0032e-03    1.0146e-01   -2.8860e-02
  231.0    5.5221e-03    5.0032e-03    1.0371e-01   -7.4749e-04

fitted parameters ( nfit =  0  nfollow =  0  )

   r-factora =    0.6719   r-factorb =    0.8649

    0     0.10    174.0    4.086           general vinner tdebye lattice
    1  0.00000  0.00000  0.61400  0.61400  layer spacing length units
    2  0.53100  0.35414  0.61356  0.61356  layer spacing length units
    3  0.53100  0.00000  0.61356  0.61356  layer spacing length units
    4  0.43100  0.00000  0.70705  0.70705  layer spacing length units
    5  0.65000  0.40822  0.70705  0.70705  layer spacing length units
    6  0.75000  0.40822  0.70705  0.70705  layer spacing length units
    7  0.57562  0.00000  0.70705  0.70705  layer spacing length units
    8  0.57562  0.40822  0.70705  0.70705  layer spacing length units
    9  0.57562  0.40822  0.70705  0.70705  layer spacing length units
                                           unit: lattice constant

   r-factora=sum((chic-chie)*(chic-chie))/(sum(chic*chic+chie*chie)
   r-factorb=sum(chic*chic-chie*chie)/sum(chic*chic+chie*chie)

This calculation took  282 processor seconds on    6 Linux Cluster
     starting on Tue Aug  4 15:09:07 2026
   and ending on Tue Aug  4 15:09:54 2026

